0.004978323298388455 0.008278238398975544
0.026377881935458654 0.04422090519662661
0.029899409269706963 0.05302625339295172
0.03326798019895178 0.05912382446034965
0.03438107082071341 0.0610335231818144
0.035365443767688895 0.06236312062421249
0.036310971915446355 0.06359389612718733
0.035582777738752604 0.06354619087822135
0.03530465792909432 0.0625504032894291
0.03609980799497093 0.06359889734911787
0.03690025223693835 0.06488060557474269
0.03662993352058668 0.06462853622411846
0.037613121280847976 0.06576804450318606
0.037624640358187945 0.06648262700257637
0.03764868772849967 0.06743431613205478
0.038037285952224664 0.067395108883924
0.037481791702903236 0.06744075906154261
0.03688947969284383 0.06641667712852686
0.037846392831317854 0.06748846269030581
0.03826003964521421 0.0678361497683837
0.038593127003153274 0.06880455827879882
0.03849090705363339 0.06824869120976701
0.03810715672288403 0.06792434347049776
0.03827574596696108 0.06745858220318719
0.03832096207172251 0.06802493610255556
0.038882900454714577 0.06938108181778384
0.03869472762268953 0.0685944374823642
0.03831439366581024 0.06857145598435035
0.037695461681163715 0.06760729999910786
0.03796251306935749 0.06834733456784456
0.038017346536318025 0.06821982337453616
0.03826202121249851 0.06800090974821014
0.03811241665422257 0.0686436817656035
0.03788383119206425 0.06787614794147458
0.037920874349154164 0.06765950760197974
0.037913216501611155 0.06787583487658946
0.03814711869979471 0.06761241709493876
0.03832316287497297 0.06755543248482763
0.03813842754762969 0.0672456605454386
0.03822816553316859 0.06708324305657164
0.03837642538411174 0.06735809143939114
0.03791247599734705 0.06736279528974012
0.03809657359967539 0.0676854833137286
0.03823149933675851 0.06795656393080249
0.03847486023467436 0.06802573195152242
0.038741308277291386 0.06884765390672802
0.03868101876699122 0.06858869058247727
0.039196070321794715 0.06939552206477138
0.039320690755583323 0.06973952819538139
0.03881527282311475 0.06981869650194757
