0 20 21 63 46 13 69 57
1 83 77 101
2 110 130
3 150 158 156
4 163 166 177
5 211 222
6 230 249 237
7 298 304 273 274 312 264
8 377 344 359 342 334 386 357 374
9 405 248
10 429 424
11 443 450
12 518 485 563 460 532 566 552 544 522 508 484
13 473 533 483 551 484 546 499
14 632 607 589 600 621 577 604
15 683 658 721 779 815 818 695 641 754 799 739 650 761 770 793 742 804 656
16 833 837 849
17 859 871
18 879 874 872
19 917 916 933
20 959 949
21 986 988 1002 991 1016 969
22 1053 1033 1032
23 164 1067 1056
24 518 520
25 1086 1088 1114
26 1128 1129 1139 1125
27 1163 1185 1197 1176 1217 1161 1227 1198
28 1245 163 1263
29 1285 1277
30 1358 1323 1345 1361 1289 1347 786 1367 1365 1371 763
31 1387 198
32 1246 708 1421
33 1581 1639 1533 1680 1744 500 1580 1677 1712 1438 1453 1468 1747 1509 1426 1497 1574 1647 1569 1615 1684 1689 1585 1682 1502 1507 1654 1683 1532 1523 1561 1731 1604 1672 1690
34 460 180
35 1854 1922 1255 1793 1821 1917 1264 1833 1871 1910 1931 1795 1869 1878 1916 1896 1856 1880
36 1939 1941 1945
37 1988 1985 1558
38 2022 1995 2016
39 2063 2069 2044 2075 2064 2052 2043 2086
40 2127 2107 2147 2121 2145 2143
41 2183 2168 2167
42 2185 2193
43 2237 2235 2213
44 2294 2269 2295 671 2288 967 2272
45 2315 2319 2331 2297
46 2502 2407 2371 2443 2336 2466 2373 2422 2393 2431 2486 2351 2401 2409 2429 2396 2381
47 2526 2529
48 1176 2530
49 327 2583 2559 2578 2564
50 2628 913 2601 928 1400 2617 2614
51 2705 2727 2746 2734 2766 2671 2752 2685 2751 2662 2716 2701 2695
52 2901 2870 2786 2878 2893 2877 2828 324 2885 2863 2837 2981 2904 2965 2825 2820 2272 2894 2985 2957 2843 2968
53 3008 3016 3012 2994
54 3059 3052 3068 1057 3061
55 3086 3079 3101
56 3107 3105
57 3180 3193 3172 3123 3153 878 983 3158 3178
58 3199 3197 3216 3073
59 3229 3249
60 198 3262
61 115 1437
62 3317 3300 3194 574
63 3321 3318
64 3348 3222
65 3357 1174 3092
66 3373 3376
67 2545 3401
68 3425 1235 3423
69 2516 168 3448
70 572 3483 3490 3493 3470 3489 3455 3530 3528 3515 3464
71 3560 3553
72 3586 3057 3594 3575
73 3653 3648 3657 1167 3597 3429 2788 3134 3202 3201
74 3672 2118 3701 3698 3676
75 3665 568 3740 3705 3718 271 3733
76 3751 3774 3770 3765
77 3798 3799
78 1703 3863 3871 4012 1625 3890 3845 3880 1581 3915 3828 4008 3861 3970 3889 3949 3946 4021 3912 1976 3898 3926 3931 3911 3987 3905
79 4042 4051 84 4057
80 4095 4113 4111 4069 4063 4092 4087 4071 4079 4084
81 378 4152 4146
82 941 4176 4220 4228 1301 4222 4204 3909 4199 3853 4242 3806 4213 4203
83 2923 4259 130
84 4273 3886
85 4290 4278
86 320 4302
87 4315 4320
88 4342 4324 1746 1341 4357 4354 4379 4346 808 4327 4350
89 1254 4396 4388
90 4408 3230 4419
91 642 4431
92 1773 1794
93 4451 2308 3651
94 1597 4464 823 4487 1431 4461 4478 848 4485
95 266 566 4539 1007 2871
96 4571 4554 4572 2989
97 3371 4594 4596 4590
98 4656 4642 4646 4647 4612 4619 4631
99 4662 4105
100 4677 4671
101 4690 1028 338 4682
102 4708 4714
103 4735 4769 2094 4817 4752 3405 4785 4814 4818 4725 4799 4732 386 4727 4825 73 4823
104 3194 1290 4852 4873
105 2202 974
106 4887 110
107 2954 2874 2247 2841 2917 4901 2797
108 4920 3473 1760
109 4940 4827 1525 4931 4933
110 5060 5027 5025 673 1505 2601 5012 4984 5031 5043 5044 653 4966
111 1087 5081
112 5103 5133 5142 5118 5096 5124 5117 5107 5086 5152 4274 5158 4102 5169 5125 5106
113 3483 5206 5199 5207
114 5238 5237 5224
115 4482 1525 5254
116 5294 5279 107 60 3072
117 5310 5298 4613 5303
118 5315 820
119 2739 2729 2770 2760 2784 2766 2671 2690 2753 2691 1049 2765 2652
120 5332 3973 5392 952 5328 5335 5344 5402 5358 3909 5379 3885 3995 1723 3892 2647 5368
121 5422 5415
122 5181 5481 5360 2598 5432 5483 5190 4 5451 3696 5106 5459 1734 5493
123 520 2185
124 5517 5537 5513 4071 5531 3843 5518
125 1135 5566 5561
126 5571 5570
127 1379 5592
128 2863 5609
129 5625 5611
130 417 5642 2028 2198
131 3469 5667 5673 5678 5677 5654
132 1118 4579 5692
133 1429 687 5723 2989 3697
134 5745 5742
135 3690 5755 3357
136 1897 1931 5766
137 5804 5790 5798
138 3664 5810
139 5829 4452 5838 5834
140 1450 3583
141 5870 2058 5869
142 609 597 4295 4296 5872 132
143 5898 153
144 197 170 185
145 459 1521 5918 5903
146 5934 5929 5920
147 5938 5956 5948 1974
148 5967 4193
149 5981 5248 5992
150 6003 3947
151 6018 6015
152 6030 6035 6045 3054 244 262 1246 1254 6033
153 6091 4692
154 6111 6102 6109
155 1246 3715 3194 5006
156 819 490 4375 1334
157 6153 6155 6156
158 1395 2185 5322
159 4420 6171
160 481 757 4045 4030 2036 4036 494 6193 6187 6185 6198
161 1749 6226 2189
162 6252 6255 6238
163 1156 6282 6265 6260
164 6293 4418
165 473 2530
166 6319 2103
167 6333 2110
168 760 3560 6371 5435 6387 6343 5094 6345 6416 6348 6346 4268 6379 958
169 6437 3030 6436
170 5749 3655
171 6451 239
172 6468 5819
173 6477 3201 1113
174 6500 6497 1778
175 6517 6520 5187 6541 6574 5282 6532 6518 5188 6542 5918
176 3107 6579
177 6593 3199
178 6605 5481 6611 6601
179 1800 6619
180 388 6638 3682 6631 6639
181 2690 2774
182 132 6663 6655
183 2568 1984 2075 1980 6705 4433 2628 6563 5518
184 6722 4066 6731 4072
185 6758 2396 6756
186 5421 3030 6778
187 5743 6782
188 6816 6803 4508 6821 6809
189 6829 6854 6845 6840 6856 6841
190 6873 6866 6868 3963
191 6923 6926 6892 1940 6928
192 2881 4531 6951 2893 6973 2590 6948 6970 2959
193 2315 393 7010 3273 6087 6994
194 4007 5358 5027 3945 1622 2571 5913 4107 7018 1651 7051 7100 7074 7098 5515 7048 7105 7020 3917 7071 5232 7085 5156 7054
195 241 6052 235 3118
196 7184 7153 7179 7191 7175 7167 7143 7199 1572 1457 1481 6093 5981 1518 7146 916
197 308 7208
198 5061 7224 1980
199 6767 7229
200 1026 3466 7238 7239 7234 7236
201 24 7362 7361 5866 7263 1453 7318 3218 5010 7351 5432 7363 7306 4 7260 7287 1458 7268 2026 1466
202 108 6204 2033 7390 7389 7384 7410 2092 7395
203 7419 6577 112
204 3362 7421
205 952 7442 6572 1298 4214
206 2675 2753 2663 2782 2656 2674 2711 2757 2702 2684 2701 2719 2679
207 7478 4536 7468 4515
208 971 2540
209 1557 7297 1394 7494 7508 1475 7502
210 7522 6467 6083
211 7540 7527
212 1904 3065 4603
213 7592 5823 7122 7579 7578 7580 7586 7588
214 7609 7600
215 3582 1819 7644 7617 7649 7630 1782 7632 972 3581
216 7681 1926 4744 7657 1914 271 1847 3064 7672 7650 1768 1912
217 5385 7690 1287
218 7544 7695
219 2518 7723 7722 1157 7732 3124 6900 7735
220 7758 7753 7749
221 7773 7766 5028 5445
222 7801 7787
223 2297 3272 7818
224 3127 5873 4568
225 5810 7842 7857 7870 6 7849
226 2185 5723 4968 379 7912 3669 6635 7867 5569 7906 5957
227 651 5163 667
228 7939 7944
229 7953 7984 4525 7981 7481 7948
230 4566 3027 1678 3677 1380 8010 5811 847
231 8019 8029 8021 8025
232 8046 2196 7997 8037 1240 4566 4554 4459 8042
233 6497 8067 8068
234 8088 3065 8072 4402
235 7434 4833 2
236 5091 6880 8121 8106 4430
237 272 199
238 8184 8157 1037 8162 2587 8182 6460 4654
239 8201 8205 8193
240 1319 5870 1743 2787 8257 1428 8223 3889 6656 393 2575 8214 766 4337 1343 1355 4348 7931 654 4214 3983 4160 1316 8224 7143 5719 8264
241 7241 8284 8286
242 6048 5675 7679 7127 237
243 3121 8333 3103 8334 651 3133 5018 5432 30 4753
244 3167 7882 1678 3905 8353
245 7320 4672 7321
246 8383 8380
247 416 8384
248 8393 8405 568 368 718 2600 6350 8413 8400
249 5569 8430
250 8436 1290 4868
251 4908 4916
252 8446 8447
253 5529 5969 3180 8470
254 8484 8481
255 2397 2478 2505 2342 2452 2498 2371 2401 2459 8506 2435 2398 2338 511 2486 2399 1767 1394 3194 521 518 2343 2461 8509
256 6990 206 8525 1139
257 4150 583 1035 8558 1243 8546 3485 3494 8573 8583 8562 7655 3710 8554 418 5204 423
258 8611 8622 2158
259 8642 8639 8646 8663 8659 8655
260 6016 3665 1426
261 8692 6263 8676 8679 3384 8688
262 5805 8707
263 3753 25 2025
264 139 601
265 3035 1980
266 8745 339
267 8771 6400 8755 8410 8754 8757 719
268 1378 8773
269 3155 1112
270 8788 8795
271 3058 4566
272 6823 8289 5678 7820
273 874 8820
274 8825 833
275 2705 2673
276 8838 8837 8832
277 5459 2083 8862 8848
278 8877 1247 8882 8780 8380
279 5937 8290 8280 8284
280 4658 3121 768
281 8914 8917
282 8184 8921 8182 8178
283 8925 6035
284 8938 429 2142
285 2113 2103
286 2722 2698 2701 2731 2677 1049 2762 2706 2715 2736 2776 2754 2760
287 8955 1540 8951
288 8966 3632 2196 180 3740
289 1635 8975
290 8998 8995 7204 393 9003
291 5414 9014 7127 2265 1028
292 834 9023 9036 1678 9040 9029
293 2246 9045 9041
294 6999 6935
295 9087 9078 8036 2185 6990 9071 8820
296 6463 9091
297 1798 7375 9108
298 9118 9119 4582
299 3517 9129 3494
300 7990 1436
301 9155 9148 7789 9151 9152
302 8382 8064 6044 8059 3431 3472 1838 1035 9183
303 9250 9251 9204 4891 9225 3365 9252 417
304 3001 9267 448 1907 8083 180 6248 434
305 8844 9278
306 9288 9289 9291
307 9299 2914
308 6665 5248 4312 9324 9307
309 5688 2536 1402
310 7494 8407 8360 9342 9402 9352 9337 39 9371 9335 915 9355 9396 1268 7280 9390 5046 8 7784 1414
311 795 6372
312 9411 1478
313 9419 1795
314 9428 3391 9438 270 6842 306
315 9454 9440 9451 4780 4951 8903 8796 4927 7201 4939
316 9475 9473
317 9486 9487 225
318 9502 9505
319 1084 7530
320 9508 8872
321 8137 9517
322 820 8745 9520
323 413 9528
324 6696 4086 8271 9548 6658 5409 5407 1669 3993 9539 4091 9549 4105 4210 4207 2080 3929 956 5918 6876
325 4576 9583
326 9594 9587
327 7555 7659 3297 1770 9600 4299 9604 1764 2296 3162 6426
328 5879 5745
329 7999 820
330 1088 7509 9645 9647 9661 6193 2517 3467 9660 2516 3268 9658 9669
331 271 5412
332 2794 9680 9149 9676
333 9700 9696
334 2045 9710 9706 1712 9732 4933 1502 9721 669
335 1749 9746 9738
336 7787 9764 2827 3456 7959 2893 7964
337 2764 2742 2748
338 5815 8143 8036 6303 1238 3457 3598 3195 3518 3037 2185 170 8868 2249
339 9813 2558 4091
340 5826 7010 3340 9819 3498
341 9836 7958 3654
342 9854 4398 4320 1914 9857 9872 9859 9868
343 163 7514 1049
344 9882 9887
345 822 9796
346 6840 9925 9908 9912 2296 5680
347 8053 5480 7268 861 9956 7842 5432 651 5042 9936 5568 9931 7894 4982
348 2582 1514 7066 5908 7018 7031 9987 1733 4219 10014 9992 9994 4163 4206 1982 4099 1968 1570 1635 388 8989 9980 7192 9997
349 6372 6418 6371
350 3649 3657
351 10050 8806 653 3748
352 1168 6456 10059 1254 8074
353 10068 10066
354 8048 10037 3657
355 9050 4508
356 2577 5279 7154 10126 10122 3996 7900 9560 10100 4365 10108 7072 8737 393 2072 10174 10170 4367 99 10156 7088 3987 10149 2113 6341 10031
357 3319 9823 10176
358 5878 964 10179
359 10202 10186 10197 97 89 10194 6336 4821
360 956 4274
361 5297 5302 1158 1234 10218 463 1776
362 10233 10225 10222
363 10237 2234 4259 8606
364 10253 3135 10251 10256 199
365 9937 2268 9692
366 10290 8233 9411 9717 2104 846
367 199 5646 4685
368 2969 10316 10303
369 5385 10331
370 5766 10343 646 8665 10333
371 10354 1236 4449 10367 8558
372 10374 10370
373 5625 10382
374 10386 5924
375 10407 4025 5393 10400 6331 6932 5410 3951 10394
376 1945 400
377 10424 10430 10437 10426 6153 10435 6159 8458 6490
378 2152 2217
379 5857 320 1449 3085 10472 5499 10464 6652 10039 1023 5274 10505 5088 9022 10474 559
380 4057 10508
381 10513 10510
382 483 3918 7167 10547 4966 3966 1733 1726 1730 3928 5544 5137 3977 6342
383 10551 1385 5386 466
384 2777 2753 2673 2734 2737 2664 2744 2685 2775 2700 2721 2766 2661
385 540 3160 1438 6159
386 3486 8580 3321 4438
387 7789 2880
388 10592 10605 3528 3456 1886 10054 1244 3412 8041
389 10617 7829 597
390 2992 10624 10629 7825 10626
391 2288 1758 8353 484
392 319 1428 9723 1381
393 2517 6786
394 10662 9042
395 269 10674 8180 8153 3725
396 10691 206 10694
397 10696 872 8979
398 10707 10670
399 5048 10710 9961 5569 6094 10714
400 2026 1084
401 349 10740 3353 1956
402 10758 10749 10676
403 7642 3223
404 7905 10769 442 3210
405 4013 110
406 4059 433
407 128 9178
408 9696 9695
409 10808 6325 10817 6338 10394 10824 10549 6304
410 8880 10831 2970 1112
411 10857 4511 1023 10844 9288 3118
412 10865 8619 2292 802 8266 4262 5393 10893 5438 5269 1730 10874 8471 2096 5345 10815 6326
413 4614 3627 10902
414 10912 3278 10905
415 5199 6766 10849
416 9009 10919 10061 7111 98 3789 3396
417 9185 10936 1017
418 9040 10953 10946 6362
419 205 214
420 1720 1520 6673 2557 7332 9939 9965 7499 9944 10973 10991 9711 10974 9333 466 5495 7765 10469 10071 55
421 7627 8710 7621
422 4846 11001 11005 11009
423 2663 2695
424 6193 1736 11012 2122 5267 5285 9396 7749
425 11034 7614
426 3577 11040 1781
427 1168 3140 4614 10436 10425 2864 10431 10446 3300
428 8986 2025 11005 9212 4560 11088 1380 3329 422 11091 11050 10175 10264 8036 11068 295 11083 4553 9098 1117 3077 8629
429 11109 1185 2185 9259 3139 1450
430 2828 11120 3155
431 5731 10138 2640 2598 5238 5239
432 11146 658 11141 6752 643 6336 6598
433 6916 6899
434 5294 11163
435 7937 11177 11168 5655
436 11179 8347 11184
437 11005 1138
438 6872 1666 1441 1976 6377 3810 6553 3824 6565 6568
439 5602 3466 6475 10573 4685
440 11234 472 11232
441 11241 11249
442 7207 1718 3187 5143 5714 1740 10824 1755 11253 8412 8470 4062 8115 6536 6884 8468 11255 4315
443 2522 4411 11233 2302 8076 3762
444 11286 1350 6140 5192
445 8289 11297 7246 5607 3018
446 9359 8362 8372 5350 7260 8361
447 5599 8765
448 4272 11335
449 11343 10101 10010 10098 11342
450 4822 4048 10196 4952 7058 10190 6430
451 11374 11376 11370 2204 11375 11367 8516 8508 9992
452 7750 3102 7762
453 11378 4670 8363
454 5352 5190
455 2527 979
456 10697 11396
457 448 6249
458 2684 2725 2655 2703 2731 2769 2670 2756 2664 2710 2742 2669 2683
459 4300 11420 9585 967 3354 11422 11418
460 8233 5148
461 1126 270 1119
462 2905 3134 3455 11445
463 4966 11455
464 1161 3518 1402
465 9068 875
466 3740 1262
467 2654 2649
468 758 11482
469 11488 11491 7783 3834 643 11316 2587
470 10876 11485 8375 8717
471 320 11510 820
472 11527 11513 11551 11302 7237 11300 10573 10923 1088 9049 11224 4699
473 7973 11553
474 5757 1246 1784 5610
475 8678 11567
476 1389 8042 3189
477 5612 6960 2103
478 11598 5437
479 486 483 11607
480 11616 4134
481 1394 6356
482 9001 963 5237
483 11635 11636
484 4956 4131 7208 2141 5045 9370 11641 5476 9371 7922 11655 10479
485 198 4371
486 5838 3339 11665 2301 3479 11660 8080
487 11674 8671 973 11683 1487 3594 972 11678
488 10741 3258
489 8259 8227 743 11706 9532 11701 786 4105
490 11725 11144 9856 1254 1881 11716 3333 11727
491 832 3037 11731 3700 3147
492 21 10734 7489
493 2812 2282 6977 9685 2933
494 1613 11751
495 8546 11758
496 4229 5484 2586 2103 3992 6699 8108
497 9978 11793 5338 1631 4219 5156 7068 1660
498 1647 2030 646 1444
499 48 5867 6362 3670 5021 7210 11498 8094
500 11834 1611 1435 11819 5055 7039 6871 11424 11816
501 4184 4230 5349
502 11865 11873 11851 3457 7509 11869 3524 11872
503 1056 5421 11879
504 3780 10095 2989 3405
505 11898 10252 9215
506 4399 4911 3418
507 8219 678
508 11912 3440 11908
509 11919 11916
510 1336 5450 11479 5335 11943 4434 743 651 11288 4108 4104 766 951 2638 1334 4081 8232 791 4216 1708 8794 11965 8255 11929 9540 11926 2581 1350
511 2001 2049 6878 2021
512 7184 9748
513 2297 10678
514 3103 7118 8306 6986 3537 7568 3486 3261 5295 6057 1236 8553
515 10370 11618 11993 11995 6305 10879 5357
516 10678 413
517 3295 6926 6917
518 2688 2653
519 1030 4135 12018 226 12021 271 6042 4303
520 3299 7878
521 3732 3061 5588 12037
522 6436 72 2537
523 3035 1118 1239
524 12089 3070 7631 10217 12076 10663 7614 1802 10854 9617 10849 10232 12080 1880 5822 12066 12068 1238 6449 12090 12075 483
525 12111 11 12110 12113 854
526 3489 8816 6048 12132
527 12148 7699
528 11244 6292
529 12151 3598
530 12157 270 11565 10274
531 12167 4248
532 12182 12185 2325 828 256 11985
533 420 9180
534 12198 12197 3534 12205 11668
535 12215 8995 6093 1597
536 7825 1254
537 6169 10432
538 1402 12232 12228
539 8439 1004
540 12234 12242
541 3473 8381
542 1936 12249 10058 12251 4559 5736
543 3664 236 9061 7122 242
544 3058 4389
545 6613 12269
546 12274 7900
547 7465 7601 11671 10360
548 7726 589
549 6154 974
550 11739 7461 5366 1389 1566 1393 5642
551 9650 11445 9423 5790
552 10378 5629
553 100 4770 7388 7382 7387 7409 7374 4817 7391
554 6283 11099 3331 12330 12154
555 12340 12334
556 1935 1952 1950
557 12346 4207 11475
558 8159 3291 8152
559 12357 6055
560 12368 7791
561 1159 3043 3143
562 2588 952 11798 12291
563 2189 9014 6825 9653 11037 5415
564 12399 12400
565 12404 7971
566 4980 11652 12407
567 9105 12413 12416 1119
568 11602 4099
569 6999 1254 2302 364 12186 12192
570 1428 822 5309 10768 12434 8982 828 1240
571 8549 8548
572 5568 7920 9948 7268 1394 5432 1410 7273 4725 8425
573 12446 6830
574 8403 568 4785 11 12456 11499 8717
575 12459 10924
576 6228 9451 10655 4158 1598
577 4355 9559 2579 4120 11024 1348 1373 808 956 4332 12479 3993 742 8218 6219 5879 4338 10528 4339 11955 4337 1691 10124 4348 6610 8245 4343 747 6136 646 1363 1346 5918
578 12493 3525 12496 12089
579 12518 4317 12513 12505 6862 3010 268 12506
580 12524 3555 12149 12529
581 12531 5553 12549 12544 8641 12152 12558 10912 11564 3197
582 12564 9470 7923
583 758 4782 9315 12568 12576 5114 1544 7027 12590 6867 12589 5457 1279
584 3565 240
585 3855 7665 8961 11705 3909 11951 4956 4214 4200 9549 3846
586 110 7889
587 7831 671
588 1181 464 3583
589 2332 12638 2305 2306
590 9246 131 12642
591 9486 2583
592 12659 4326 6881 11214 5337 10016 2580 699 12669 4329 3844 7062 3894 8026 3864 6695 10117 5525
593 9340 12469 2548 5087 465 2597 1477 478 12680 259 3429 9708 10279 5985 2593 1479 9443 11286 486 1480 482 487 9710 5854 7682
594 9082 12703
595 4102 5188 5731 1287 1740 7451
596 31 11378
597 160 12717
598 3402 3399
599 12721 3291
600 6139 12727 1353 7077
601 3966 11998 12728 5146 6731 12735
602 11566 12752
603 12227 12762
604 12766 12770 12772
605 4613 3575 3598
606 9817 12789 3332 3464 5298 8308 6229 11546 5208 8813 3008 3469 5600
607 1878 5703
608 12122 3498
609 12807 320 3035 5699 4557
610 4070 1429 6713 5950 8735 12816 914 3846
611 11213 4422 3153 7303 11208 8402 7261 1292 3824 3831 8462 7308 12836 1603 7281 6535 2600 6207 8108 3810 2053 6103 7270 7356 11194 7306 1437 7258 5026 7332 1466
612 2779 2728 2738 2771 2653 2655 2713 2766 2745 2743 2781 2714 2719
613 3124 4457 12852 12089 5892 4390 12854 8147 4446 1023 9134
614 12857 12855 2036
615 1110 12865
616 12870 1939
617 4129 11296 12882 8244 12724 960 8255 6868 11398 2117 4234 741 9981 5129 7323 3859 5139 1303 10888 7099 1722 5173 4065 4342 1429 778 1350 8249 8749 12893
618 5822 1915 2306
619 6492 11674 10350 3441 8667 319 1451 8873 8883 5296 6990 1244 12052 2185 8318 8974
620 8439 8598 1857 834
621 8334 9510 6223 5760 11691 9217 12955 472 4899 5763 10828 3043 89
622 8982 12964 10162
623 2302 2590 7569 4280 12987 10061 3030 8154 12982 2303 3035
624 8047 12433
625 436 6584 1934
626 11607 12998 8046 11011 320 12994 6066
627 9288 6775 2250 2849 1118 2298 4550 247
628 10826 7620 7634 562 11726 4523 9203 990 3564 10358
629 4844 1939
630 7968 5872 4494
631 13035 13036 13055
632 912 12879 3136
633 6862 9068
634 4459 4557 6076 10596
635 589 13070
636 13074 2185
637 1749 1760 6919 10222 13085 13083
638 1166 3042 7658 4489 7990 1238 4709 3032 8069 3038 3048
639 11093 13099
640 8625 11733 13109 13105
641 1746 12918 1710 10011
642 13132 13035 13141 13149
643 8177 3332 8169 4149 8154
644 6035 8152
645 952 198
646 1934 1359 6889
647 10072 1548 1469 1539 7299 1465
648 9908 5937 9900 6837
649 13165 2297 971
650 13169 1789 131
651 970 1167 13170
652 1626 1653 13211 5123 8352 8027 9849 3859 5282 9965 5112 13181 9556 1697 10014 11803 13203 5167 568 6549 33 7908 6672 5180 767 13188 1743 13199 3761 10405 38 6708 5190 4267 3868 13196 1702 5992
653 13141 13216
654 13226 2242 9062 13229
655 10856 3739 11757 439 1900 13234 13093
656 4473 6614 10505 4488
657 11178 13246 10732 9352
658 3690 7732 12220
659 8694 985
660 4111 5531 8248 4086 13281 5374 13275
661 8874 9172 5884 4322 4513
662 5320 11236 6457
663 10690 4547
664 9669 11071
665 13320 7799 2295 9244
666 8429 6197 8373 13327
667 2654 2734
668 1084 13330
669 977 9508
670 12112 5573
671 12008 13340
672 467 5637 8659 9587 468
673 2695 2690
674 10546 5439
675 6288 8660 8644 8646
676 10690 3615
677 2645 11947 9564
678 8554 8378 11871
679 1795 12373 3801
680 2517 3603 10741 4580 637 616 892
681 13382 2303
682 13388 8314
683 7132 6784
684 7170 1663 6670
685 13406 11089 11318
686 7695 7698
687 11847 3468 3469 3124
688 5013 9340
689 11410 11418
690 13429 9994 13432 1565
691 7006 3259 3494 6250 10253
692 2137 2125
693 3788 3278 11005 8521 11191 118 11075 13441 11059 13450
694 13457 8966 12522
695 5379 10095 1304 10814 8232 7063 8124 4032 1303
696 3500 6085
697 13476 13477
698 9673 1068 13493
699 8459 1293 8222
700 591 5748 621 8654 166 421 8433 139 4841 74 5740 634
701 13511 874
702 3475 13514 9877
703 10860 3757 8857 381 11636 13516
704 7827 3127 9786 1084 4108 827 4474 1428 5726 8042 7231 9782 9627 4459
705 8065 3521 2265 8311
706 13529 10282 163
707 12341 13540 7480 4876
708 6645 6644 1428 3188 6643
709 6399 3548
710 3393 6512
711 12318 3464
712 13554 2600 4169 923 10466
713 13556 6511
714 9132 413
715 13570 9206
716 2189 6527 4105
717 11820 4197 2195 6227 12678 2210 1979 2197 7159 8984 7141 7047 1498 12471
718 12180 13595 8833 132 4848 9626 4863
719 13616 13611 7403 3722 9123
720 7342 12812 12836 12814 6684 10000 13625
721 11641 7911
722 1593 1406 13640
723 13649 13648
724 6519 1379
725 8871 1249 8699 2517 8892
726 4310 3835 6870
727 13671 5553 5564
728 8914 13675
729 1394 13681
730 2530 858
731 2624 3549
732 2714 2780
733 6939 13691 373
734 13703 6719
735 136 1937
736 6466 3048
737 1197 1867 1189 13708 6496
738 2776 2737
739 13712 413
740 10265 5694 11114 3334 5565 13716 13727
741 7090 11320 802 8102 3313 8097
742 11542 13741
743 402 1118
744 198 13746
745 13764 1290 13359 9626 147 3235
746 2293 6023 1760
747 11427 1406
748 11950 12527
749 2 7465 13779 5260 5254
750 5579 13245 7212 13783 7885
751 1843 3078 8536 8425 1086 12567 13797 13804 13594 10211 485 3196 1262 1866 1511 11851 3291
752 473 979 10254 1380 833 9847 1678 11054 4152 3165 4801 3183 7233 3456 7821 820 8155
753 7434 908 2078 4212 11502
754 6943 1167
755 5563 393 13832 260 281 5810
756 13842 3258 10511
757 4922 13846 8144 13848 9265 13844
758 13393 7497
759 623 5737 1509 573 6524
760 5300 1806 13857
761 1992 13860 13710
762 2758 2736 2658 2716 2671 2706 2757 1049 2652 2654 2681 2689 2782
763 110 4300
764 2349 2400 2475 2496 2361 2389 2511 2503 2481 2392 2510 2366 2347 640 2512 2457 2501 2508
765 7350 7264
766 3206 4279
767 1126 12426 1134
768 6264 13889 12155
769 4508 4780
770 1235 8563 5779 13509 1257 13895 1196
771 7886 13696
772 6034 4579 10922
773 13914 3129
774 12973 3338 11982 11076 11984 6454 12124 8058 7592 13919 8154
775 3186 8312
776 881 10749
777 174 13925 13018 4575
778 8449 11230 11018 4395 11740
779 13946 110
780 1457 6668
781 5089 4161 917
782 4551 1666 4540 6660 6139 5253 3574 11389
783 13960 10311 13965
784 9266 3128 6454 5309 3124 3439 10298
785 12530 6839 7851 4419
786 13984 13981
787 781 13991 2224
788 9418 2530
789 13224 7231
790 422 3411 2302 9651 3469 10051 3283 116 12987 6834 8931 9043 12422 10766 129 9643 10910 2993 14003 7575
791 2752 1379
792 3143 14016
793 13016 131 12894
794 319 11054 4463 3128 820 5831 843 1240 14028
795 14034 7704
796 3570 3585
797 977 1017 3603 13927
798 14045 11068
799 14049 7439
800 12327 2185
801 7126 5774 4280 1808 1244
802 14053 11018
803 10881 3986
804 5235 10026
805 6435 5893 7628 14061 10424 5645
806 8920 9149
807 5766 3339 822 12084 2303 3332
808 13740 3305 3513
809 3295 310
810 980 14086 4311
811 14093 14089 14090 14099
812 2141 6569 3868 3997 5153 3905
813 14110 400 7606 7426 14115 468
814 7990 4134
815 7466 14130 6129 14125 488
816 434 872 7515
817 225 8484 1290
818 4966 4196
819 2455 2336 2360 2369 2424 2466 2471 2339 2403 2419 2380 2364 2474 2406 2378 2468 2477 2405
820 14150 1691 13155
821 11718 2264 4447 9259
822 7292 6188 943 2019
823 10272 14156
824 3060 6811
825 9981 14166
826 5849 6119 5766 573 14167
827 3969 759 704 6360 2561 813 779 785 769 791 948 5719
828 10040 10077
829 14181 14200 13057
830 10660 14202
831 9464 7146 14206 8241 795
832 9667 3427
833 3091 10656 3369 659 13132
834 14240 2093 3131 5907 7997 6321 4773 3398 7377 10550 85 4750 1160 1421 4736 14239 4801
835 343 1071
836 10184 14242 288
837 9420 6921
838 3340 9176
839 4574 8888 2090 9122 1238
840 3393 10696
841 3356 11609
842 2771 2684
843 5952 3813 4213 7455 1240 14274 14288 9726 3846 3953 1517 931 3883 4220 8776 10820 5227 3027 2039 3983 4099 3864 5348 4020 7448 14276 10544 4025 14291
844 8336 4641 1777
845 14300 9490 970
846 1379 8973
847 4251 5385 6113
848 12116 13246 10728 1429 865
849 9065 13847
850 11454 12825
851 11689 4884
852 12539 9791 8704 3248
853 2021 763 1992
854 5630 12284 9290
855 12758 12227
856 7768 5042 858 12
857 2982 9086
858 3007 12003 9502
859 14339 14344
860 2594 1974 14352 10110 9004 4492 11646 5150 3906 7494 5157 43 7043 11621 923 14347 5506 1445 912 10526 10068 3960 5107
861 1195 2101
862 110 5161
863 8870 7991 10179
864 8568 8799
865 14316 10977 3655
866 2997 3002
867 10178 4049 396 394 14388 3758 4131 2132
868 8160 10085
869 4402 3058
870 13194 14401
871 3710 10229 5206 7653
872 3640 9508
873 3828 14414 11761 3824 3833 3809 1976 10891
874 874 1429 11286 11997 9716 4503 11294 6290 14437 5717 5266 825 6519 13291 10086 1428 5706 542 4766 550 14428 11355
875 5670 3793 239 10220 14440 4684
876 11391 2195 3577
877 7022 14452 9872 2156 14458
878 1828 1884
879 4038 4037 14461 6213
880 5211 607
881 6790 10655
882 12003 1036 8142 9503 14469 7252 3210
883 3400 5317 13765 473 3612
884 4282 14482
885 2723 2728 2756 2734 2736 2783 2730 2670 2679 2778 2716 2676 2654
886 5139 10067 14483
887 465 4325
888 14488 11892 14491 10044
889 2743 2742
890 11847 5590
891 3070 11448 9270 447 14498 11111 10298 3518 4152 837 4156 5607 12094 5703 4396 1251 1829 4452 5723 12959 3333
892 7466 12644
893 11437 120 11046 2524 14508
894 12237 9237 14512 6174
895 5827 1766 4300 584 9259 11113 11415 3682
896 7479 1169 5323
897 11318 866
898 14321 5346
899 955 3194 4351 813
900 6142 10030 768 1380
901 3135 2989 4467 1084 320 3167
902 13107 10360 5612
903 8615 2824 10421 2825 6098 10688 3153 8606 2789 2220 14574
904 11238 5207
905 4557 1032 14583 3498
906 9107 4809 972 4407 3428 3411 1614
907 12676 1301
908 2651 9013 10392 14591 8289 9577 7232 13308 14590
909 5863 5526 2037 750 7158 1476 2034 1962 2085 14416 8262 3828
910 14609 6803
911 417 5865 4495 8986 8400 2090 12954 1480 14615 14425 4513 1750 1273 1177 1500 14434 5948 82 8395 6015
912 13136 14217
913 12203 1054 1027 6055 226 9921
914 1928 1264 1785 1889 1841 1897 1780 1869 418 1820 1888 1863 1861 1868 1791 1772 1896 1822
915 2530 1380
916 2530 14449
917 13687 2243
918 168 171 175
919 5901 3058 8377 5771 10453 3416 3596
920 7468 6975
921 3197 14644 3224 8661 11220
922 472 974
923 5648 12036 7808 9787
924 2915 14650 9244
925 14659 2295
926 1883 3260 10853
927 9017 4417 10933
928 227 7564 7518
929 3128 320 9844 4475 10030
930 12983 9288
931 2746 2656 2719 2704 2712 2689 2756 2743 2684 2726 2693 2768
932 14669 9008
933 10225 3124
934 13183 11753 2579 1661 10194 7143 1521 7141
935 2733 2780 2760 2744 2781 2704 2677 2762 2753 2694 2713 2728 2714
936 14676 3623
937 4411 3256 1860 11663
938 13755 4026
939 71 11557 8687
940 13923 14300 14688 14692
941 14328 3194
942 4371 14696
943 8586 9463
944 1485 10439 1504 4199 1689 2589 14704 488
945 12459 556 14523
946 5776 1238
947 6452 14466 9492
948 4845 153
949 14720 5830 4394 2296 436 2132 2302 2303
950 8884 12944
951 270 9659 4884 13454 469
952 9079 8571
953 1301 6680 11998 11778 7213 10549 388 1428 11961 5793 14730 1610 11622 5385 12676
954 521 9016 13434 4464 522 1161 5652 517 5811 9007 12124
955 2532 2267 12904 1485 1614 8539 12278
956 45 9374 8053 3455
957 5950 1441 11632 4971
958 1306 6553 8757 5467
959 1781 11474
960 8598 13258 12948
961 1368 4336 4016 815
962 3222 3324 4685
963 7709 3204 3199
964 2673 2684
965 6260 14762
966 12500 3505 14764 9130 14771 8540 3633
967 7341 7270 645 10647
968 7635 8964 8665
969 6927 11498 12866 10523 3194
970 11615 2530
971 2528 11042 1489 3583 4646 7631 6964 14697 2527 5324 14794 3575 14804 10900 14796 1180
972 8874 3625 934 2256 4519 12298 8872 1394
973 10491 990 2256 9621
974 2867 4257
975 8542 874 4690 273
976 3505 14827 8933 2303
977 9207 12371 14532
978 4660 5275 6327 813
979 2769 433
980 7561 236 7597 7576 3485 7577 227
981 4115 668 8016 4729 13494 6338 5391 6209 2531 8790 14867 5488 4126 8979 5365 3935 14864 1308 4038 10857 5529 4060 14872 10799 13461 14863 11886 2110 7193
982 14878 14759 4464 14580 14876 508
983 872 1074 268
984 3770 7845 13686 2185 14107 9970 7867 14894 7861
985 3599 821 2185 9270
986 2295 14521 14902 14907 14906
987 2127 14932 8077 14917 2100 4056 2132 2115 14933 12440 75 4032 10197 6810 14920 6196 2113 4749 14936 2125 2107
988 5858 10045 10417 2535 417 1235 13503 12478 820
989 5190 915
990 12687 3813
991 1870 1264 1865
992 14943 9201
993 13743 14946 3505 13740
994 6016 14043
995 2634 13356 8352 5107 11448 3920 14613 3900 14237 11372
996 2761 2746
997 2593 7437 12610 11606 12678 12609
998 12350 6083 7576 9634 12253
999 5738 599
1000 9043 11165 6090 8152 112 4454 6995 6459
1001 5090 955 4658 735 4249 6360 1361 6368 5452 6142 6380 14972 1358 8766 12486 660 10210 11783 761 801 5094 2978 959 6357
1002 5793 1084
1003 8439 14261 8880
1004 14559 9222 2961
1005 2772 2770 2745
1006 5107 3815 12893 110 4748 1570 12676 3756 3827 3821
1007 3199 8674 8627
1008 7609 14784 11379
1009 3678 8706 3868 15014 15009 1427 411
1010 8249 8014 8790 4086 15025 2117 11400 13957 4828 10125 8030 6734 1721
1011 12005 15032 4709
1012 15033 10068 780
1013 8671 2956
1014 6538 4167 5161 8866 9983 1684 3823 14449 4274 15038 13180 260 5382 8110 3638 11199 9530 3891 4315 7842 6346
1015 5089 6660 1620 3892 3864 2571 11956
1016 5809 14350 2049 1575 535 12378 534 2045 12828 921 4810
1017 12968 4362
1018 141 6160 10742 9745 12351 13257 204 12220
1019 13871 7892 15072 3194
1020 9821 9822 3058 7554 14899 12087
1021 3779 8502 5572
1022 6098 4713 14642
1023 3476 1829
1024 4676 3147 4169 15084 676 1391
1025 528 524 517
1026 1194 11342
1027 15095 11319 13382 13384 8449 889
1028 8769 7368
1029 2197 1167 12212 11609
1030 12764 11905 1696 15100 741 8223 3627 872 9387
1031 9214 4538
1032 1043 11166 417 671 1235 485 13067 5778 6620
1033 12717 15120 6297 8562
1034 1644 711
1035 7806 7232
1036 789 5154 7069
1037 7609 12150
1038 15129 8905 9169
1039 350 2382
1040 13706 3165
1041 3291 11112 1852
1042 1416 5876 15134 1766 1006 2195 3577
1043 6590 12531
1044 13514 8141
1045 13231 3408 8069
1046 15148 10663 9918 15147
1047 14318 15150 7775 8868 4853
1048 5697 2185
1049 9140 13882
1050 1308 956 9976 811 15162 4121 10524 8231 14236 1360 5918
1051 2947 10235 14570 1751 15163 11125 2861 15175 9728 2149 11121 6095
1052 4392 11729 12192
1053 10483 5117 8957 6549 2039 15021 7346 6542 5453 2591 3919 10395 5229 7093 5382 1422 1683 3820 15183 11949 11783 1666 3824
1054 11031 4564
1055 11362 13011 13850 7432
1056 5710 2
1057 2989 3728 2524 1782
1058 10308 6628
1059 10314 10303
1060 874 6715 393 7784 11253 9028 5127 3949 13731 7211 9333 2610 3905 11646 34 381 7775 5089 4973 10113 5466 13658 8092
1061 11855 3062 5596 8940 11851 10977
1062 4290 1155
1063 3251 6002 1240
1064 3645 1244
1065 11168 5428
1066 421 5880 483
1067 135 4863
1068 10998 14242
1069 12140 14188 15222
1070 393 8578
1071 4905 14447 1794 6490 1015 6924
1072 5625 10422 2195 5614 10420
1073 11916 10061
1074 1183 13766
1075 198 14229
1076 12452 1725
1077 2233 126
1078 820 15244 11915 255 7825 3333 8077 3139
1079 3563 6024
1080 2189 9318
1081 11060 2095
1082 9513 10915 3596
1083 10177 1236 4708
1084 6549 8217 4371 4020
1085 6887 6656 5334 10814 1346 5366 5335
1086 2062 1212 10355 1782 1257 7620
1087 4575 4966 11458 12208
1088 3504 4685 13522 4686 3003 7418 9129 14769
1089 8305 15260 15264
1090 2776 2722 2706 2677 2751 2701 2720 2748 2739 2711 2762 2723 2659
1091 182 9479 168 9478
1092 8156 9439 3323 3280 12049 122
1093 8347 14405 460 14478
1094 10858 4220 2594 2060 13281 3862 15033
1095 5578 4990
1096 13336 5576 7896
1097 5438 198
1098 4296 591
1099 6489 3572 115 1867 13795 12956 13856 9691 14810 15279 8665 1190 5888 3291 4634 1246 4523 4899 10437
1100 201 838 2019 15283 820 3905 3682 878
1101 345 13840 4729
1102 3812 2453 11414 2985
1103 8232 11478 656 3925 11928 4131 2600 2598 1441 2616 665
1104 13640 11258 10838 7946 9150 9940 8735 6303 971 10484 14690 1687 7901
1105 10284 4780 925 5987
1106 1777 10919
1107 11881 5675 1041
1108 2588 15296
1109 15299 6624
1110 10250 8140
1111 11431 9588 912 3125 4478 963 651 13202 14763 3194 12210 10461 910 5645
1112 15126 9255 14839
1113 15321 15318 13747
1114 1341 12691 10466 1397 6399 10370 15324 9399 3128 1543 2581
1115 2260 1267 2604 4075 7361 9730 9984 7102 8517 5055
1116 5634 1385 1667 1557 12808 9989 4172 2616 1496 9726
1117 15330 1200 3397 4780 11 8334 2062
1118 10635 493
1119 15331 15068 9414
1120 3736 4906
1121 6170 8335 4992 490 5012 9372
1122 1162 13416
1123 7791 9256
1124 6986 1934 3266
1125 1574 5388 1699 3674 7208 5498 8791
1126 3920 3901 7453 2198 13552
1127 13067 4466
1128 3023 226 8696
1129 7468 6016
1130 11223 4693 15352 1037 13740
1131 2656 2743 2747 2782 2674 2751 2699 2648 2771 2715 2762 2757 2657
1132 8553 4508
1133 8356 3001 3164
1134 769 6402
1135 9419 5738
1136 4844 13717 2335 6903
1137 15358 2228 9754 4643 7800 9832
1138 4467 5882 916 6239 653 9077 4566 4472 3456 15362 4295 1128 3621 7805 1238
1139 6721 7167 6720 11388 6668
1140 15366 780 956 15016 11703 12812 6518 15379 2568 12653 5233 1308 13630 786 2036 15378 3874 12909 3928 6558 8251
1141 560 6225
1142 13757 12871
1143 8241 807 713 11481 6360 5058 7354 9554 3765 8409
1144 413 13979
1145 15176 1360 2117
1146 2959 2232 8747
1147 7101 10023 2189 13460 10009 1592 10868 14998 14706 9550
1148 9250 14457
1149 4759 13857
1150 2550 11368 11365
1151 3608 1189 4611
1152 7128 4465 4350 11639 4727
1153 13382 10488
1154 228 10707
1155 2792 4533
1156 1746 5489 5096 11215 6373 5161 3986 6631
1157 1766 14404
1158 1229 7179 4808
1159 9661 5691
1160 2185 3170
1161 83 2531 14942
1162 12539 1242 13875
1163 476 1437 548 13923 503 524 545 517 531 500 516 13556 982 6629 522 8519 4164 550
1164 955 9459 6372 2032 8891 778 795 2575 1525 6401 4937 4946 1684 1683 6350 5810 3549 2025 8770
1165 456 8538
1166 9096 10772 1185 11885 4911 4138 4781 11880 10918 7510 12195 15439 2540 8927 1084 6626 11983 9186 5892 961 5894 74 4458 1238 1224
1167 3234 6637 393 6282 9053 14007
1168 2634 4575 8250 8259 1429 6385 10010
1169 5877 637 625 581 13503
1170 10163 4131 872
1171 651 5001 11752
1172 6127 12333 7114 1246
1173 11250 7738 15454
1174 13474 15469 13487 1116
1175 999 1000 10185 1202
1176 9255 11734
1177 7317 5360 7174
1178 10680 15479 15492 2837 2155 4712
1179 15249 13864
1180 3930 13121
1181 14596 12385 14592 9802 14590 11222 4687 9792 8576 9066 4690 9791 2266 3124 14070 14581 3512 14617
1182 5846 110
1183 9621 4711 9839 1758 378 15530 13313 2180 2818
1184 2189 9545 1633
1185 1050 1029 3525
1186 315 3385 802 12156 3389 15542
1187 2723 2720 2651 2776 2714 2650 2653 2721 2652 2659 2722 2715 2753
1188 702 15544 10569 652 2565 1405 678 729
1189 9975 8396 15180
1190 1331 5334
1191 5085 918
1192 13151 13134
1193 15555 3267
1194 8531 2286 9767 3355 15563 2227 15565
1195 1156 1150 8834
1196 3910 3826
1197 13832 3369
1198 9451 14424 3757 1428 4951 5950 4952 1500 4958 3758 1383
1199 9049 11297 9492 11221
1200 11655 2611
1201 1429 2025
1202 2747 2673 2675 2708 2751 2672 2661 2783 2727 2777 2679 2738 2703
1203 9378 5025 7895 9970 28 5095 7293 9379 2059
1204 11179 15582 643 1503 72 1584 7929 5099 5861 6516 11194
1205 8607 2834 15587 10841 8621
1206 15570 13574 2985 15090 13561 2901 13562 15600 11906 4265 5924 15599 14523 12370
1207 6166 4604 9896 13005 1032
1208 15568 15610 2282
1209 1828 3435 8066 12303 1763
1210 2511 14881 9582 268
1211 2168 2947 2160 15617
1212 436 8705 3510 4452
1213 1603 2009 14564 15091 3671 14304 9216 11374 2928 356 8946 11370 8911
1214 110 10290
1215 433 10047
1216 4833 12048 2076 12615 11992 758 2088 3691 458 8859
1217 1886 9639
1218 12932 13969 1749 11737 4452 4389
1219 1982 8980 1684 4263 9028 752 6520 3869 1653 6562 11816 6601 7767 8796 12771 5476
1220 10 2078 8027 6693 12456 6560 11491 7186 7776 4191 15635 1585 6550 5961 1396 10976 10479 6708 4931 15633 52 2096 9369 1518
1221 5739 15637 8389
1222 2692 2716
1223 12247 5687
1224 3932 1444 5919 8424 769 5540 10163 7051 2647 4113 13459 2559 7106 5149 1326 814 812 13178 1748 1630 4342 11905 8502 10540 1356 4099 4331 4131 4104 3977 547 1341 11711
1225 1446 6230
1226 4889 15648 6016 15647
1227 11579 15348 14506
1228 8973 380
1229 3677 3621 9668 12690 1525 3127 15582 9798 1243 3802 3037
1230 9427 15516 6466 8548 4706 5678 15654 12505 1029 5660 9654 7660 1032 14473 1149 13332 7419 8284 8152
1231 8877 15099 168 821 2254 3603 8425
1232 10068 14309 1594
1233 7993 2189 11486 7682
1234 5236 11711 14175 10295
1235 15667 488 13910
1236 7714 13704 6893 1236
1237 3930 13979 2647 3884
1238 3574 6158 7478 2542
1239 1371 8247
1240 11076 5648 1026 874 2297 1243 320
1241 242 1793 580 5825 9823 9431 12183
1242 10879 835
1243 8469 15182 3970 2025 6321 12650 6882 766 8474 10804 10813
1244 4962 9554 4372 6416 4003 10156 3976 5405 5288 8270 817 13373 8273 10025 796 14698
1245 8500 9711 15057 5981 7490 14165 7494 13774 5249 5083 10834 6936
1246 2981 15688
1247 15439 3058
1248 3393 9050
1249 2899 5385 2915
1250 5001 11604
1251 2113 9554 14553 3408 4057 7179 12917 14207
1252 6975 8611
1253 12960 1880 10179 1838 5765 167 10855 5772 12098 3710 4820 9034 4450 964 14037 3746 1919 6156
1254 4996 14853 7167 11138 2588 4789 9354 9334 45 7526 4969 7211 5109 4 6306 10559 7288 13 5025
1255 1235 14344 820 12430 13382 5992 489 10940 483 5723 8889 8352
1256 4886 102
1257 247 3111 227
1258 14761 4408 8636
1259 15711 125 3622
1260 11676 7657 3593 11074 11988
1261 12658 9838
1262 6926 1954
1263 4952 8737 2078 10780 10130 13155 11020 2132 10114
1264 15716 4691
1265 7294 7162 7300 9945 8958 1561 6638 15721 3218 7348 7347
1266 3051 5596 4584 11850 4387 3448 12438 8377 8057 234
1267 5299 3393
1268 6321 7071 738 327 12577 1973 12664 2616 4827
1269 9734 1605 3669
1270 3504 9130 6239
1271 11497 12047
1272 514 14548 5044 10489 12872 10035 1534 8748 13159 3227 7300 3305 7806 524 14813 13776 1470 6185 1448 1549
1273 3369 14253 822 1167 14464 9588 8047 2594 14497 469 5846 878 12729
1274 11888 14705
1275 5616 4175 15750 6234
1276 2696 2756
1277 9374 9383
1278 7766 7267
1279 712 3821 8795
1280 10963 14672 14895 15701 42
1281 7682 13351 13345 9490 10721
1282 10327 820 2183 8531 14069
1283 11835 2194 13333
1284 3571 10359
1285 15759 11169 8812 7417 13784
1286 3132 821 8288 1583 6993 11672 10828
1287 13681 3101
1288 11088 5087 1278 12926 9384 15200 7690 58
1289 7148 4287
1290 6592 8662 163
1291 8320 5101 85 8016 3420 4758 1190 1161 8332 8336 7283 15767 3133
1292 6376 795
1293 7995 3123
1294 820 11739 199 846 847 320 11740
1295 4878 13376 6788 4884 3103 828 1067 3306 9785 11357
1296 2672 2759 2784 2761 2658 2663 2698 2749 2706 2686 2712 2726 2779
1297 5486 8866 14171 4947 2585 9972 8853 8861 8848
1298 6426 7825 639 496 13072 8798 11392 547 6787 4484 403 9415 10759 626 1437 266 3456 2787
1299 5933 10269
1300 15783 11075 3218 9670 4769 3389 12417 348 1162
1301 252 7575
1302 2679 2674 2698 2777 2694 2708 2682 2717 2746 2722 2748 2735 2783
1303 840 3681 10036 3503 6167 3676
1304 12948 9918 15788 3454
1305 14628 1032
1306 12182 5743
1307 1236 12377
1308 1370 5409
1309 9939 9940
1310 5207 2302 9181 3496 1254 8873
1311 10389 9244
1312 9104 3216
1313 1775 1848 1207 1241 11983 1769 4911 1792 7111 9604
1314 1690 12725
1315 15092 225 10386
1316 5768 5766
1317 2661 2694 2775 2759 2705 2753 2697 2744 2710 2750 2691 2730 2751
1318 8766 8756
1319 10962 1609 12347 8899 12688 320 7157 1298 13087 4973 9410 1570 9723 416
1320 13505 13350
1321 4823 5107
1322 5738 7602
1323 1390 3905 915 11572 5479 10075 15476 2594 5948
1324 1254 3445 3443 14500 12100 11372 14991
1325 7241 9014 5647 3257
1326 13200 6679 3895 6740 1338 4072 8243 2077 2130 7193 5344 3850 1641 4482 14419 10882 11343 3866 11968 1603
1327 15814 7526 861
1328 5961 3768
1329 7771 8321 10966 5247 8512
1330 7372 14580 11576 8581 14875 15820 4464 5871
1331 3319 13455
1332 6982 11344 10534 11616 1634 218 3894 6320 10096 13654 798
1333 14694 15830
1334 110 15716
1335 14410 15751 6291
1336 12030 6292
1337 1120 10357 14044
1338 13905 10840
1339 4460 10478 13812 3385 14464 3268 15613
1340 1336 4351 800 1356 1342 11954 10810 6603 1319 12645 9000 11947 10541 785 741 11934 5380 5919 11433 724 12482
1341 2957 351 15560 14903 2879 3623 4243
1342 4194 7040
1343 110 4578
1344 11916 3737 15846 14712
1345 5718 3703 15848 866
1346 13363 11155 6594 14327 8689
1347 6370 872 12482
1348 3266 11160 2318 15858
1349 10258 3107 3333 115 15506
1350 9324 5592 8182 4566 10230 1749
1351 8325 4597
1352 15296 11561 12911 5870
1353 13336 860
1354 2689 2712 2648 2731 2661 2759 2722 2673 2713 2729 2765 2716 2699
1355 1161 14498 1204
1356 2530 2711
1357 7845 68 14345 7917 48
1358 1038 1045
1359 6977 14234 15883 15879 10694 6095 15305 15151 14572 6949 2896 12566 5645 7134 1240 4488 15687 14657 8601
1360 1419 14743 1414 2618 6523 7266 14249 5025
1361 10366 6064 1437
1362 7557 1829
1363 718 713 654
1364 892 4411
1365 1763 1843
1366 4761 4808 6336 7395
1367 1230 15896 15894 3667 9790 2587 12005 2957 13958 2858 1380 15210 3647
1368 2616 15897 647
1369 12390 8820 3498 6991 5669
1370 266 6975 13900 15610 13523 12867
1371 9095 15903 11714
1372 653 15577
1373 13453 274 239 7572
1374 5909 3393
1375 13603 15854
1376 12750 13032
1377 562 1174
1378 5884 7648 1852
1379 1897 3739 3332
1380 2706 2696 2718 2702 2782 2669 2650 2670 2777 2664 2655
1381 11130 5448
1382 12852 10059
1383 12948 9144 12348 5607 8168 9265 3525 13965 11721 12072 10301 3058
1384 8843 15084
1385 1023 338
1386 10422 14329
1387 1273 5133 651
1388 4821 1433 1435 7743 2256
1389 5202 9599 3713
1390 4576 14210 7755 6792 13033
1391 12557 7744
1392 1428 2117
1393 15809 13037
1394 8036 4140
1395 7714 565 3351
1396 9141 9130 6239
1397 3337 964 1096
1398 2595 10625
1399 139 3317
1400 15070 8513 10729
1401 551 14223
1402 4614 3346 3740 9079 1858 5773 1781 1212 1819 5849 12063 3036 1012 11277 12076 11980 15255 5876
1403 140 13725 4513 12179 5839
1404 12582 15200 14756 6707 10535 13115 3927 12268 10122 6712 12836 6716 11941 3848 10140
1405 916 7459
1406 6727 11291 1962 12656 7201 8957 1476
1407 6898 15948
1408 11052 9279 8653 3248
1409 14506 14539
1410 2212 5604
1411 10425 6937
1412 10826 1068 3665 423 3439 5880 8554 6620 8553 12251
1413 3416 5600 3742 5871
1414 9085 7807
1415 786 783 6601 1317
1416 3272 6993 4508
1417 6303 4718 10265
1418 4335 4070 3429 3870
1419 15914 2132 4131 4952
1420 1529 3577 463
1421 5583 7871 11496
1422 413 3383
1423 4437 1808 1911 13227 1255 1784
1424 7993 2851
1425 11217 1056 10829
1426 12063 210 3036 9615 7669 13806 1890 1184 454 12064 10897 9614 6996 3418 7672
1427 8651 5696 8836
1428 3384 8448 14681 3078 14464 10617 15838 1064 1070
1429 4641 7965 9830 4615
1430 8890 2193
1431 12747 12756
1432 2302 3035
1433 6092 7544
1434 9438 12161
1435 12212 13078 5848 4876
1436 8520 2517
1437 2362 2451 2368 6750 2482 2487 2475 2510 2380 2458 2351 2411 643 2435 6747 6756 2493 4411 2471 2479
1438 9140 10052 9075 3504 5652 15726 4298 11031 1773
1439 7628 7730
1440 413 8896
1441 977 975 5752 13011
1442 6942 4518
1443 1260 7674
1444 13962 15987
1445 10616 14646
1446 7521 3222
1447 5104 12569 9127 11765
1448 3486 3339
1449 15992 15559
1450 6154 9289
1451 1683 760 743 4267
1452 517 518
1453 6667 5368 3961 14400 7446 3903 1331 5356 7921
1454 11583 8497 565
1455 1240 13683 820 3037 7899 4500 7805
1456 7829 574 320 1238 1429
1457 678 1410 2031 669
1458 4280 1801 5422 7124 12979 7590
1459 10649 11498
1460 14618 13805 2185 8425 13934 13406 9678 2190 4296 6941 16010 14040
1461 13998 5891
1462 3518 5878 7580 4648 9511 3577
1463 4526 4715
1464 4303 11572 3599 5725
1465 8090 7514 12059 8549 3651 1235 14043
1466 12269 2550 9737 12646 13286
1467 12019 13642
1468 1180 972 11282
1469 7280 8244 5182 11026 1727 766
1470 6653 4381
1471 8262 1356 4350
1472 13360 9434
1473 11628 10734 7844
1474 14056 3480 14472 13103 3545 6335 14529 2140 8912
1475 960 812 5979
1476 4399 257
1477 4021 14978
1478 6834 467 1088 540 559 8388 2517
1479 10847 12354 12358
1480 4497 1326
1481 10890 10204
1482 223 10604 4695 16038 12992 11303 10629 15145 1039 6845 5675
1483 6055 7560
1484 156 4863 3115
1485 3220 3380 9651 16040 1121
1486 11166 1025 13224
1487 8005 199
1488 3239 16042
1489 16044 16049
1490 9766 9775
1491 4914 3807
1492 3291 14786
1493 3798 9632
1494 13831 10784
1495 7408 4808 8105
1496 7684 5038 14351 6645 398
1497 13647 14451 13651 10583 15337 16061 2161 7944 15604
1498 9225 9228
1499 8266 4341
1500 8207 10303
1501 7231 3254
1502 2598 14855 2084 8772 5859 14462 14101 14951 2595
1503 10450 10377 10421 1184 6935 10431 3598 11472
1504 679 8367 4670 4799 9940 1208 12623 7288
1505 7972 9754 990 7955 2520
1506 3458 4140 1843 14735 10627 16065 10629 3295 4588
1507 3678 13219 14660 16012
1508 11546 12790
1509 2737 2695
1510 1286 8369
1511 5324 1118
1512 9560 14288 11754 9596 11963 8952 1651 3864 5137
1513 7441 4099
1514 1746 4326 10115 962 10372 8242
1515 6740 4482 13241 14655
1516 3333 128
1517 14991 9761
1518 3643 5385 4323 11413 6829 16079
1519 580 632 4568 13852 1766 11863 13761 577 5743 8572
1520 14109 1067
1521 9722 1427 963 4998 8503 7489 5086 12675 12468 5244 9340 2615 1435 6718 4575 9317 12733
1522 1235 14874
1523 6650 9272
1524 7545 225 7698
1525 4436 10204
1526 8057 11219 9823 13721
1527 6442 16083
1528 2886 16086 14834 4724 16060 13705 4723 11002 16089 8785 414 10681 2861 8967 4108 14134 126 10829 2819 14081 8913 8907
1529 11677 3712 8544
1530 12023 4517 8167 13810
1531 4555 4390 2651 8168 2518 7720 3007 5586 15727 4451 228 3512 1790 7509 3333 9634 3485 3464 3300 9181 12850 12130 13560 3506 11069 6826 14670 12847 10062 3507 7510 7517 12936 12058
1532 11641 1410
1533 12360 16104
1534 561 12757
1535 507 4159
1536 1803 13909 11676 3139 6488 10595 12056
1537 1084 522
1538 16106 13993 12050 5647 16105 3258 1117 1126 4577
1539 8242 11394
1540 2739 2769 2723 2738 2745 2716 2777 2776 2680 2657 2678 2700 2660
1541 9039 6829 894 899 3080 7685
1542 199 9673 11169 5809 12032
1543 3082 3093
1544 3130 3393
1545 3101 10796
1546 12828 5481 7437 1750 6738 646 3932 2550 14275 4952
1547 4563 3762 6829 878 8352 1023 320 3650 4153 11738 3085 10619 824
1548 1213 3248
1549 13142 14186 13151
1550 13839 9577
1551 1180 4710 71
1552 1320 13576 4105 8417
1553 11606 6782
1554 5056 11804
1555 1476 1623 642 319 12449 11904 11290
1556 1927 1825 1844 1908 1777 1862 1816 1835 1931
1557 8994 8384 12815 10252
1558 15647 12228 8710 11678
1559 13433 12845
1560 12248 11093 7582 820 3475 822 9261
1561 4378 1330 3599 3932 15407 660 4331 4104 766
1562 2835 15495 6983 9679
1563 1151 14680
1564 11436 3327 6989 6238 11067
1565 2118 4943
1566 15417 1492 10518
1567 14253 4575 1399 10959
1568 11972 242
1569 154 6786 9700 13097 7826
1570 14083 872 4803
1571 14683 2253
1572 9470 2011 800
1573 1800 6245
1574 13839 6471 881
1575 4699 15515 966
1576 2445 2507 2427 2340 2509 2421 2432 2500 2480 2498 2351 2437 2488 2390 2413 2505 2398
1577 11758 4911 10915 454 11919 10061 1829 1838 1051 12091 3495 10854 12088 8582 9269 1887 9198 7560 12058 6447 1803 9099 3418 1805 3344 9608 1886 6997
1578 13043 13047
1579 4592 10926
1580 8996 7917 7497 8450 7363
1581 1493 974 8964 3030 8965
1582 1890 1992 11671
1583 2676 2753 2705 2675 2770 2667 2738 2680 2754 2713 2683 2778 2669
1584 6352 16149
1585 12000 5116 780 13118 26 6888 1980
1586 5454 11792 5491 5976 16054 3553
1587 1260 8059 1934
1588 15214 3393
1589 9653 239
1590 15126 9247
1591 1056 10907 653
1592 5878 8559 11909 9508 8536
1593 2880 9156
1594 3676 9847 6646 8989 16155
1595 16165 412
1596 5633 7601 1749
1597 262 242
1598 10927 1095
1599 16170 5446 1980 643 5165 8402 10291
1600 2774 2655
1601 10976 381 9814 3948 950 11928 696 12581 8029
1602 572 141
1603 5560 1083 10921
1604 10537 8793
1605 12808 1701 3880 6710 4177
1606 3413 1103 10924 2518 6046 10777 3260 3665 98 5823
1607 9748 919 6030
1608 388 6606 16175
1609 915 1722 1439 4465 5859 10071 12297
1610 15812 13054 13137
1611 2036 535 6869 10800
1612 16179 3775
1613 11319 3188 4479 10287 15111 6636
1614 1380 11731 4477
1615 13336 9352
1616 3155 2787 2895 11686 2900 8671 2828
1617 9063 4582
1618 4162 2041 912
1619 740 4342 8218 7830
1620 3979 13019 2140 2113
1621 9451 5116 4959
1622 8179 9109 1085 439 555 9054
1623 3294 2017 6451
1624 3760 8087
1625 6080 9130 3258 1023 4685 14769 8540
1626 5882 12428
1627 3986 16199
1628 3281 129
1629 16205 1602
1630 3787 9430
1631 1186 1207
1632 5913 15977 15123
1633 210 1084
1634 356 12393
1635 1240 6630
1636 15911 4523
1637 5072 5077 8604
1638 8665 4523 12696
1639 1934 2182 11734
1640 8282 12201 14829 5802 12010 16139 6995
1641 15101 10799
1642 1572 11792 10103 1425 5457 6135 11761 4998 11922 646 2550 4977 11799 1544
1643 15283 12568 11289 8113 9987
1644 5270 5480
1645 11755 11176 1254 7520 9269 2169 9777 3035 6994 3060 12199 8556 1162 6800 16096 4557 275 519 12438 3258 10672 4296 515
1646 16233 16236
1647 2214 14822 15591 16088 15590
1648 1900 166
1649 3376 3374 5774 7518
1650 5024 1568 1534 6739 651
1651 2182 2184 2986 8617 16242 8915 2170 2238 11128
1652 9362 15752
1653 5859 15450 4880
1654 115 3627 8090
1655 2307 2296 2302 2297 2314
1656 13878 8046 4590
1657 646 16246
1658 2530 16247
1659 8807 1602 6029 2651
1660 2736 2656
1661 14662 1056 14123
1662 13928 14463 13790 7664 13500 13667
1663 1118 112 7518 6583 6781 7574
1664 5247 5259 9472 5107 14423 14353
1665 6586 8660
1666 5658 3319 10578 9823 12325 14679 5678 5736 9651
1667 4973 4928 1430 9723 9442 1477 1502 1429
1668 14963 9932
1669 1438 10926 13828 281 12192 8806 11068 3280 11235
1670 13836 3631
1671 2688 2723
1672 11579 14742 6150
1673 10734 5278 10073 6015 7835 7 7279 3313
1674 8140 15061
1675 12629 588
1676 5843 10062 1265
1677 15402 11564
1678 1159 7614 3801 8064 1168 9187 9041 8543 9181
1679 5639 1575 11462 1261 7628 0 1529 10231 13930 14648 9213 3570 12338 8974 1048
1680 14085 3641 417 14489 12871 11611 12311 4515 4519 8872 7429 1501
1681 10006 5238 8105 738 10209 4202 4222 12830 1308 9003 10157 7045 3769 7455 10535 11389 5155 5281 7448 12833 15026 3949 780 6200 12647 1526
1682 7203 2189 6192
1683 11907 320
1684 5612 8707
1685 5736 13591 9781
1686 16269 11063 311
1687 2672 2673 2711 2670 2648 2709 2690 2716 2655 2744 2691 2753 2674
1688 8076 454 7558 14720 5607 2318 1900 3058 5897 4584 7554 2300 14625 1883
1689 3729 1194
1690 4394 447
1691 9371 3748 9885 13855
1692 7791 14523 11898
1693 9790 874
1694 3341 10228 1229
1695 11462 7437
1696 12590 4070 12656 8464 3861 1971 1320 8233 1975 10529 4206 14271 6705 1698 1308 4203 7079 2571 1306
1697 9750 12408 5809
1698 2687 2723 2656 2753 2737 2725 2719 2709 2766 2756 2762 2739 2757
1699 7728 7732 10789
1700 10841 8995 2937 2924 7921 10577
1701 6290 464
1702 7878 13557
1703 8245 3870 1329 9574 5230
1704 7459 7206 1482 7501 10811 1428 12607 465 712 8016 2593 534 500 5765 4213 969 4192 15624
1705 110 6928
1706 9656 9043 13000 1118 3793 3498
1707 16084 974 2883
1708 11022 9567 7177 7932 4241
1709 13879 7577 4573 6443
1710 7350 10971
1711 7757 424 1895 11005 3373 3376 12373
1712 1084 2256
1713 10345 11757 4394 1215
1714 226 7416 12497 4456 5828 3162 9821 3020 10574
1715 5224 5230 13590 5408
1716 14644 6281
1717 12071 1763
1718 13839 16039
1719 7766 7
1720 3808 711 14814 2030 821 1383 10206
1721 8390 13126 16290 3596 13130 15909 13124
1722 2532 10355
1723 15719 13158 13159 10257 8958 7369 4069 3121 1621 6207 7300 6508 7370
1724 2021 8903
1725 1410 7334 7890
1726 11785 7219 7452 10279 8980 259 10773 15897 9731
1727 5419 16095 4388 13616 9496 9492 15439 7524 2988 3468 3510 7242
1728 16042 3249 8645 6269
1729 6212 14295
1730 10867 15375
1731 115 1028
1732 1000 6044 1768 11391 10226 12946 978
1733 1025 10084 12063 13000
1734 7793 835
1735 110 13208 12965 4748
1736 425 9273 8539
1737 8128 1300 1299 4435 11834 1513 12485 6886 2092 953
1738 1400 13855 11606 3175
1739 3164 6100 1167 12213 15699 15924 1380 9895 6823 3812 3202 9205
1740 12439 11513
1741 1883 13094 2117
1742 5741 12255 609 136 15990 8044
1743 15734 2195
1744 12251 12982
1745 14009 11918
1746 3124 319
1747 598 139
1748 16091 2937 16240 13561
1749 11236 11231
1750 10870 15103 11294 8239 3027
1751 4965 812 16034 4725
1752 1084 5987
1753 724 1711 5918 813 6717 14969 6387 4068 7069 13164 13951 3922 1303 8232 8254 660 752 11939 6415 10975 720
1754 7484 6030 4614
1755 9058 14073 11560 3418
1756 15841 2822 8546 12707 3599
1757 6303 1892 5703
1758 6082 964 14991
1759 867 870 15583
1760 13793 7471 13804 5328 1246 6493 6499 7520 1259 13805 3622 10055
1761 7643 6431 9418 1248 1858
1762 11365 2117 13411
1763 1229 1193 971
1764 3866 15023 12840 12829
1765 3342 12803
1766 7369 3890
1767 10569 174
1768 16325 14299 2120 2111
1769 4470 9816 4213 11129 5431 10479 12583 12289
1770 1041 9010
1771 10931 11696 8169
1772 1267 9374 9346
1773 1682 6883 16327 10144
1774 3124 11405 4155
1775 4067 5141
1776 6508 16333
1777 106 7017
1778 15945 6299
1779 13747 319 5707 15317 8048
1780 11519 8151
1781 1672 3813 6139 5336 13113 5537 15393 6706 12268 15392 12887 3866 11954
1782 110 2650
1783 13506 6663
1784 11372 11357 3139 8346 11376 16346 11351 9600 11354
1785 580 4026 8818 16259
1786 5698 3207 10905
1787 2517 6280 229 230
1788 12629 151 13500 10413
1789 6687 11838 16268 11390 10500 9720 8094 7359 6702 5248 15383
1790 7057 8985 1376 5498 4513
1791 11897 10460 14519 2254 16239 2808 14561 2295 2232
1792 6006 14196
1793 12265 242
1794 11006 6263
1795 1023 12972
1796 1904 16353
1797 3123 2550 874 12433 8612 3682
1798 10652 8020 4080
1799 9929 901 12204 6606 9930
1800 1316 6660 5376 3864
1801 12654 5358 793 7037 3942
1802 5628 11295 15230 1442 783
1803 9798 1801
1804 5587 6804 8933 5592 3493 3190
1805 16034 2587 2518 5279 1220
1806 199 1159 459 8041 421 13089 3343
1807 4444 2090 74
1808 517 523
1809 14753 10360 3562
1810 686 8995 11735 11096
1811 6253 13265 2550 5870 3664
1812 2905 7237 11509 4295 15501 9771 15812 9791 3434 10073 3627 16136 11409 7901 8520
1813 8168 12005 773 7080 16366 821 12868
1814 6805 1913
1815 12435 12102 1918 6160
1816 659 3005 3627 16216 9008 11542 4682 1025 7518
1817 8772 2109 4725 2558 8994 1159 780 3954 15006 8266 4666 3689 6305 368
1818 974 4422 15758 6396 7785
1819 6812 102
1820 1428 3429 4038 15436
1821 14265 7740
1822 1353 16280 11024 10123 12489
1823 10958 8817 1149
1824 11870 2533 4878 8885 9413
1825 4884 8891 2279
1826 3922 1726 3891 4353 5262 931 1476 10824 6656 4162 1403 1296 8951 15449 914 10531 13275 8015 14730 13949 9956 4772 1579 1563 8471 12457 647
1827 139 14136
1828 15363 2550 2218
1829 15649 15577 6745
1830 1282 14424 2185 11996 7997
1831 15904 16373
1832 1879 7646 1844
1833 131 11099 13729
1834 9154 3164 199 7997
1835 1103 4536
1836 9708 1682 4727
1837 5888 15705
1838 4683 1038
1839 131 4396 4394
1840 4544 6034 8166 338 5195 4411 8048 11039 13425 3355 15893 14480 3620 3623 3167 7786
1841 16380 8418
1842 5004 2591 2623 5235 7088 2185 2597 663 2585
1843 5717 820 8173 16381
1844 1341 806
1845 16037 11164 2273 16383 16386 3510 1774 10604
1846 11865 4288 2243
1847 4469 686 7515
1848 3879 15684 12582
1849 6772 227 6781
1850 5746 12187
1851 5894 3456
1852 1334 1371 1373 9576 1375
1853 3238 14644
1854 5388 6884
1855 200 9113 10250
1856 11324 8366 8370 9936
1857 448 438 5832 4394
1858 7101 9307 1482 11260 10828 8457 15799 2583 1432 13291
1859 176 967 3175 184 1049 8148
1860 4566 3434 3027
1861 12295 8772 8954
1862 9144 16183 13234 4508
1863 12242 11678 2550 15592 14521 15556
1864 8875 414 11605 11604 5994 5633
1865 10506 7855
1866 1815 8708 10449 970
1867 16406 6853
1868 14072 14720 8076 1094 4452
1869 8399 10134 14551 11710
1870 13291 8891 2550 9931
1871 5764 1202 7923 8784 6499 3035 1240 1615 14880 72 2308 1188 4610 3136
1872 6347 10648 4057 12574 2073 10651
1873 15100 16082 11500 7872 13202 4882 5817 4726 835 493 2218 2904 9411 8601 11800 12566 14423 6628 2210 8869 1583 9730 12697 12217 3682 12963 6303 1691 1483
1874 3466 14004 3461 3456 3516 12850
1875 3393 5698
1876 9189 3651 5838 259 4392 8814
1877 14080 6946
1878 719 9490 692 15096 6747
1879 13768 3889 16423 9593 8189 3685
1880 4213 5505 8720 4180 13194 2600 1279 5158 13821 14429 10978 2592 2090 8719 14636 5276 1669 5460 1309 14613 13208 5175 7062 3905 13617 13178
1881 12255 621 1934
1882 1628 711
1883 15329 4124 5915 6139 4159 5539 8235 12811 4100 5189 8962 4113
1884 9095 12077 8159 8151
1885 4568 5694 10428
1886 4087 4121 4085
1887 8867 7334 14743 1544
1888 12100 5836 5832 447 7681 14737 12083 12093 14500 12103 5205 6432 8081 1900 6462 12095 3347 10179 1842 8073 3333 451 3737 5827 1916
1889 8287 11757 4150
1890 6722 7065 10394
1891 16432 15557
1892 16436 5205
1893 3846 4575 920
1894 14534 15811
1895 10248 9798 3690 820
1896 13858 6033 16185
1897 8640 13723
1898 14644 8151 12550 3198 1118 3035
1899 7409 16443 2550 4116
1900 4093 10369 3769 3846 953
1901 3162 10672 7561 12178
1902 8737 2308
1903 5843 11606 13007 1884 7422
1904 10309 2969
1905 10495 2400 15315 6677
1906 9080 8444
1907 5679 14099 11096 14508 15144 1238 7805 1159 3295 3324 5660
1908 2933 7472
1909 131 7156 2027
1910 9702 577 161 12249
1911 7489 5133 131 7497
1912 9601 1750 8887 1023 1290 8688 9213 1909 14250 11611 6024 969 13593 14430 7465 13928
1913 5279 5383
1914 820 662
1915 2106 10299
1916 3162 436 4438
1917 1801 3800
1918 2947 2819
1919 2665 2662
1920 686 1992 15303 8994 10068 1578 2550 12209 5180 786 10964 1541 15002
1921 14447 544 168 1566 14226 7072 6232 1504 2639 6223 8382 1760 10282 14225
1922 5703 6058 1197
1923 4855 6917 4841
1924 1037 3760
1925 8558 13152 1915
1926 1784 1254 15656 9057
1927 16459 8742 15591
1928 11242 142
1929 2699 2751
1930 6708 11145 7078 1471 1557 9979 669 4493 7297 1429 477 16148
1931 4502 9925
1932 2191 7936 6290 14041 2245 10428 12335 1614 14507 6303
1933 3128 3325 277 5669
1934 2916 14492 6029 9490 3986
1935 6444 13256 11665 3139 6987 418 4510 1932 13068 4403 10788 3193 4155 14379 608 3057 13238 9784
1936 13331 11166
1937 1142 6127 4800 14110
1938 2771 2710 2716 2773 2739 2673 2686 2734 2708 2738 2737 2684 2727
1939 3574 16466 14411
1940 10223 3327 10590
1941 7784 3825 5979 1684 11620 1666 12726 2059 11816 7158 1570 16467 1989 1440 5117 4069 5972
1942 96 6218 4745 1193
1943 802 3260
1944 1451 12279 15433 990 7642
1945 11367 2202 11361 10518 9958
1946 9075 1128 7807
1947 12825 9954
1948 8107 4556 16008 5649
1949 8666 12444 5588 7596 14738 225 12445 262 12439 3522 4685 9133 11874 8825 11857 11048 6998 7513 238
1950 15864 2824
1951 7047 6682 4177 1678 2590 1428 8014 15016 5228 7174 16475
1952 15763 3243 12550 3231
1953 10855 12106 9663 6069 4477
1954 10382 6016 5661 1761
1955 8884 1867 8380 463 1236
1956 11551 7513 4699 11545 9140
1957 15142 14944
1958 8743 15439 5790 2040 3432 16480
1959 7631 14793 11038
1960 13755 10911 8689 9622 4878
1961 11825 4044 11290 7921 11645 7214 15663 11199 10087 16221 7503 10697 5053 13396 6872
1962 14730 12857 12291 11374
1963 74 6460 2187 13958 124 9655 11152 7631 10414
1964 7334 7328 7308 2616 7369 3809 80 7315 5010 7344 4994 1455 6668 7361 7367 7259 7290 7132 7329 5019
1965 977 968
1966 2577 11963 3922 4329 7077 14757 15643 1361 808 5370 811 9000
1967 6247 16456
1968 8105 14437 4192 14292 2642 10801
1969 12724 9998
1970 13723 12323 3156 7753
1971 1769 228
1972 16303 13558 16422 15270 8993 7003 10753 12709 14300 1472
1973 1520 11464
1974 485 1758 14811
1975 8585 3738
1976 3510 4391 3058 10072 3319 7554 1162 2300
1977 7816 6762 7575 4730 13912 3139 9497 5804
1978 1763 12518 2649 14769 2487 8201
1979 2580 4105 3455 5526
1980 12285 1011 3590 436 8578 3896 11305 4921
1981 11476 4906
1982 13046 13029
1983 15068 7832 828 3128 3449 4557 8354
1984 9225 16303
1985 11817 7885 1584 15547 15181
1986 344 225 8913
1987 4577 4287 6047 289 266 3225 15355 2265 242 3103
1988 6641 3627 16155
1989 1152 11085
1990 10072 4247 12243 6962 13691 6938
1991 14251 5884 6160 7990 3538 426 8555 3035 8568
1992 10726 11 859
1993 16374 15658 3494 7242 3498 6854 10857 16409 5839 16517
1994 9654 7002
1995 10652 14852 6703 15123
1996 269 12978 12124 12984 7569 12184 10078 3030 4447 7566 10624
1997 5958 4062 9720
1998 14379 12848 15731 4706 4694 7249 4679 11537 4688 3455 7253 12843 7116 4701 8148 4691 8873 4698 7232 15728
1999 15450 14894 11630
2000 1620 3832 1599
2001 11063 14244 10908
2002 8444 5320
2003 202 7236 5674 13306 7565 3609
2004 6937 10423
2005 1992 16527 14778
2006 3911 1374 11265 3932 3966
2007 433 2720
2008 436 3486 10914 3025 2241 6084 3067 4464 5838 3005 12500 5219 1186 5669 10084 5769 223 6838 12439 16098 11859 3743 583 445 9492 13330 180 13519 9490 1085 7012 4701 13839 1829 7233 7825 10064
2009 14860 5286 4056 7720
2010 16039 16533 6993 12101
2011 2755 2736 2738 2731 2649 2659 2705 2661 2782 2726 2752 2743 2714
2012 5277 5942
2013 520 517 1236 2249
2014 7655 10853 10581 440 1188 8059 10062 3058 5827 1828 12084
2015 16467 4973 5088 1386 1505 1498 16537 5908
2016 15086 15180 699
2017 8077 10182
2018 744 1303 2560 12575
2019 1116 7468 1238 4642
2020 13217 2261 15925
2021 6814 3313 4952 2148
2022 2703 2674 2765 2691 2748 2700 2736 2783 2676 2686 2651 2744 2715
2023 8664 8591
2024 11253 7863 1603 4930 13975 10961
2025 13514 3133 8135 7804 11422 4471
2026 1379 2793
2027 3846 9734 11484 5140 2639 12605 2622 12896
2028 10165 10372 10090 10870 15018 13518 12609 5526 5479 2616 1704 6263 4263 7438 8425 7208 6864 9003 15271 3963 1428 15344 14289 11500 10859 2189 9871 12608 8469 11702 4215 14350 16542 13210 11954 7153 2637 14434 1240 16280
2029 8593 8167
2030 3220 3204 1065 3202
2031 7840 5168
2032 422 14301 3596 4510 9839 158 8325 1240 8447 473 4576
2033 3361 12238
2034 2117 16008
2035 14963 2558 16468 7996 8748 12710
2036 10467 3876
2037 15175 6935 13692
2038 8966 973
2039 4275 8901
2040 8891 7473 984 10641
2041 5297 16544
2042 8047 4399 3596
2043 10649 9452 2989
2044 6248 12066 2121 13729 9601 3081
2045 1174 2196 4457 5324 2025 2188 14503 4906 13025 9509 463 11074 8889 7647 8966 7621 3421 10356 3154 1749
2046 101 99 5289
2047 11616 11682 9248
2048 7738 16545 590
2049 10059 7670 6455 12939 3357 11670 6252 14294 3518 3416 1928 9607 4393
2050 990 231 9329
2051 1829 6809 13608
2052 7621 10355 3157 12956
2053 13221 6093
2054 13708 3447
2055 7804 8534
2056 4725 9449 3748 5846
2057 1361 8255 3664 1319 2646
2058 2274 1482 7179 5853 977 1509 1285 4926 12674 6303 8502 4813 6030 15444 13178 9950 1433 13703 12877 14612
2059 5217 8578 3455 3330 16496 13998 11066 3010 8565 239 7417 1034
2060 1211 11474 4640 11476 5767
2061 16204 8831 16205 3465 4409 12535
2062 11224 2998
2063 16097 2117 12501
2064 8523 3375 3797
2065 1203 1085
2066 116 13597 14209 7813 8819 11661 14678 7584
2067 8874 10641 15842 15591 15862 2149
2068 9479 504
2069 13998 9818 225
2070 12716 14137 8490
2071 225 10844
2072 9334 13686 12119 10710 853
2073 3200 14139
2074 6041 403 3035 8724 3030 4405 262
2075 4851 10766 11075 140 139 12262 7748
2076 5187 4004 10863 6627 10992 5235 2558 7409 3905 9371 3885 13202 3762 5493 12296
2077 3734 3720
2078 14157 313 9796 12718
2079 4553 6083 3429 6461
2080 9791 8000
2081 1243 7559 1842
2082 8571 8451 4135 636 16300 829 4685 1766 9523
2083 3868 5534
2084 9262 1817 9198 12074 10672 570 8077
2085 11060 14767
2086 12699 14295
2087 758 12615 5262 753 4998 8758 15130 1710 5038 12574 805 6365 800 6394 10129 8764 5483 10031 712 8129 6381 768 7152
2088 6510 698
2089 5295 15143 278 4285 3162
2090 4582 3030
2091 1127 3296 1118 13744
2092 7424 8388 14326 1450
2093 2686 2678
2094 15998 3674
2095 8319 2875 15566 4501 16247
2096 9182 7523 11545 10083 9186 8289 5703 8873 2806 13309 15502 2296 820 14593 9049 9764 15350 15509
2097 6519 393
2098 2010 7049 1967 13422 15755 2473 16235
2099 14428 4783 4575 14021
2100 7487 1161
2101 10075 4634
2102 12282 8440
2103 8055 8687 4020 6907
2104 14991 11717 10672
2105 10794 16560
2106 2204 13916 2875
2107 11029 10203 3783 87 5293 4085 11629 4791 3981 11149 1334 12884 9004 5402 1551 4803 2118 11711 8024 6132 3689 9574 1398 10223 8865 394 101 2582 4023 10167 778 5919 15630 102
2108 9812 4751 3201
2109 3185 2100 583
2110 470 12285 14130
2111 15763 14682 4278 15005 8652 8660 6593 1129 6269
2112 9190 3574
2113 10066 9668 8512 935 8508
2114 2184 15882 16579 15174 2824 6966 8739 2151 6981
2115 6278 3148 5766 9651
2116 8842 14202
2117 16580 16561 393
2118 11255 14613 1649 9705 368 7207 11618 8954 10525 13355 10282 10464 14733 5175 4424 327 1327 2602 835 1499 16268 5119 8735
2119 6330 10110 3695 12456 1374 7504 10332 5914 11263
2120 14645 411 15946 15062 15638
2121 4391 5894
2122 15827 15082 16586 15533
2123 12242 551
2124 513 256 528 527 227 236
2125 3027 15699 13354
2126 8653 4574 15572 1773 3291 593 3262 5742 874 13297 10045
2127 5543 5500 10991 0 10535 12268 6864
2128 8079 3273 4400 14375
2129 1733 9483 3956 5872
2130 10122 10545
2131 4327 9044 14157 7212 2178 12147 13053 13875 2997
2132 2734 2701 2698 2699 2650 2780 2771 2731 2704 2762 2657 2740 2720
2133 2928 11733
2134 3238 1254 8633 12266 8305
2135 8384 489
2136 5830 11278 4411 4452 9618 4616 4847
2137 6630 1428
2138 6923 1954
2139 2296 3539 6840
2140 200 6289
2141 2243 9302 6609 6738 10775
2142 1029 3538
2143 5478 7282 2079 4269 10275 13284 8430
2144 10234 6962 6935 11748 13173 6938
2145 15791 16425 13854
2146 5801 9177
2147 13247 8757
2148 1750 3044
2149 648 16234 693 6070
2150 112 424 5703 4400 1919 1887 451 3037
2151 308 2257
2152 3513 2265 5811 3494 15905 3499 3479 3455 3461 3463 3457
2153 11025 8860 4322 7034
2154 3914 2582 15804 9001
2155 2159 6957 14837 13302 6104 2166 2939 6945
2156 5990 919 14510 10488
2157 244 243
2158 413 14369
2159 1612 13732 9977
2160 15672 12197
2161 10803 10801 2580 15936 11294 15200 9737 393
2162 8801 1254
2163 643 9974 131
2164 2926 3358 5701 3123 10919 297 1428 1948 1244 1117 12459 11089 12213 9651 6782 1235 4890 889
2165 13383 11311
2166 2476 2453 2412 2448 2350 2347 2384 2442 2341 2431 2378 2397 2339 2353 2427 2451 2455
2167 10899 15952 8667
2168 3455 9492 6050 3020 4686 12077 10251 12998 14580 3254 16549 14469 245 6088 15058
2169 4161 5865 2611
2170 1360 7187 4174 11812 14362 15800 5333 5539 6876 6325 7069
2171 11323 15006
2172 9125 3085 11409
2173 7913 5576
2174 3348 5703
2175 2761 2654
2176 4762 1 4282 4742 14296 1000 4805 5324 14294 14293
2177 8808 9656 13849 15438 4282 1788 12802 10782 11664 11918 13669 3170 16066 5832 10629
2178 1749 8890 9251 4893 530
2179 2751 2652 2784 2761 2734 2683 2716 2675 2782 2674 2722 2663 2772
2180 9353 15976 16424
2181 3162 9820 4391 4477
2182 16606 15226
2183 15406 14364 4833 6436 14864 11633 13734 10892 7404 14431 10977 7434
2184 14699 7511 1829 7249 10062 9181 11166 1038 10632 3507
2185 2184 2167
2186 2724 2703 2774 2672 2769 2678 2705 2782 2760 2713 2697 2730 2784
2187 8137 110
2188 16117 13053
2189 16464 614
2190 279 291
2191 13878 11156
2192 14561 12367
2193 5385 4129
2194 5840 2259 1872 6058 11038
2195 2920 2843 8905
2196 793 1980 951 725 4113 798 8788 7219
2197 1116 10057 1125 6275
2198 9281 1023 8868 6905 10910
2199 2198 8889
2200 393 13945 1730
2201 8 417
2202 1118 8676 16204 12554
2203 8435 7722 233
2204 651 7333
2205 1732 4366
2206 15764 6595 8701
2207 855 13407
2208 5361 1528 1700 3882
2209 964 2954 493
2210 4391 9825 3340 7513
2211 15946 4569 8626 15764 16609 1944 3123 11152 8654 8653 604 8657 4885 12869 3284 12477 12553 15789
2212 12355 12352
2213 1296 952 10176
2214 4148 4556 1104 13812 1095 7999 13810 9790 6989 878 9029 10646 201 3174
2215 8112 11462 4498 6629 4555 10287 9302 5811
2216 1683 2628 14954 5365 1697 9553 3903 5397 5373 15934 14288 4221 15343 8104 3986 3883 14757 13208 9550 4381 12862
2217 7572 443 1265 3651
2218 1512 9966 15799 11707 4945 6710 6887 7068 5706
2219 14895 6339 1742 14554
2220 5622 7994 8649 16462 16208
2221 4333 11136 6689 1327 1332 2575
2222 4248 12172
2223 15062 6302 12353 10793
2224 413 10360
2225 443 14625
2226 11234 9577 11505 12259 3664
2227 8097 10091 10883 14271 9000 15195 10178
2228 12876 1394 4676 3178
2229 12599 5750 8331 12953 5876 14225 2065 85 7377 6187 4523 4030 6203 2117 3715 8324 8731 5111 14230 3398 7206
2230 13031 15910
2231 7856 13871 3447
2232 8719 5085
2233 8614 14069 15338 5073 2160 13907
2234 2558 14984
2235 9253 9254 1587
2236 1177 6093 912 10960 14741 9948 5944 533 7130 915
2237 5025 16562 9365 1441
2238 8627 3252 10920 15708 4888
2239 7059 5434 1 1970 11713
2240 974 1402 14157
2241 2614 6680 9143 6667 719 6524 1444 3666 1570 3756
2242 1094 10907
2243 3202 3143 12871 6910 3791 16622 6920 3595
2244 6030 3007 3492 1786 9821 11539 8383 11301 6991 228 2298 7827 11977 3539 240 9263 12130 3468
2245 5354 7202
2246 7654 3788 2093 8675 16441 10184
2247 3074 6228 2194 6823 14507 3641 5743 13352 13348
2248 13657 16624
2249 1379 8311
2250 6640 6593 1014 12552 2910
2251 1677 7361
2252 3678 837 11571 3672 4135 1243 9144 7878 12430 828 3604
2253 1242 6915
2254 1199 10934
2255 7113 312
2256 5186 12971 11891
2257 4350 4375 12490 951 2573
2258 2630 14145 6108
2259 7565 6481
2260 4782 7379 6216 7394 8077 2099 5687 10203 2137 2139 2116 4808
2261 10494 16364 10680 6641
2262 3471 3723
2263 9888 12569 11762 1502 645 8225 11206 4315 6598 7018 8789 1403 15408 11200 12565 12662 9521 259 7025 5987 7079 11922 4130 1427 15100
2264 473 2212 15450 464 14465 6093
2265 10351 10439 11573 15332 7465
2266 3199 9104 3216
2267 13029 13058 13041 13052
2268 2690 2692 2771 2735 2687 2746 2699 2689 2714 2674 2717 2711 2768
2269 171 14691
2270 12861 15372 3857 11803 16487 6979 8719
2271 4877 671
2272 12721 3093 6616 3073
2273 11716 1886 7658
2274 858 870
2275 12720 12651 6170 5612
2276 10908 269 11092 12192
2277 975 6290
2278 7827 212 2863
2279 10240 14568 13648
2280 287 4873 4860 4859 4856 1936
2281 7671 2141 1188 89 99 1262 1161
2282 10334 5318 1097 10425 11573
2283 3518 15224 4458 5659 12976
2284 8833 10666
2285 151 6588 1137 13724 7750
2286 1829 7599 16306
2287 7858 5277 7867
2288 642 1334 2591 1353
2289 461 10635
2290 4867 3309 4846 11244
2291 2709 2737
2292 5066 9999 7176 1574
2293 1254 1238
2294 2659 433
2295 9210 14348 5857 13583 3127 11129
2296 9369 14955
2297 11415 11372 2211 13542 14203 11428 11416 11408 8143 15775
2298 14281 15623 5124 8098 5709 7437 3866 11025 2591 10987 4096 12673 12838 9341
2299 6285 8634 1137
2300 53 59 14884 7853
2301 3098 7759 5693 4575
2302 3596 417 311 11167
2303 1025 5847 15538 2298 11052 7720
2304 3291 3518 433
2305 13137 413
2306 13762 6593 3206
2307 15899 336 6576
2308 2698 2670 2742 2686 2652 2703 2750 2715 2747 2743 2693 2658 2671
2309 11033 13341
2310 471 13530 2960 16276 341
2311 5011 11
2312 14476 15134 7894
2313 4495 5843
2314 4224 5530
2315 11129 6168 7995 3837
2316 2261 15974 13124
2317 10570 6223 4534
2318 3333 1159
2319 15039 9893 11395
2320 3320 16101
2321 8090 8969 2883 13859
2322 1785 4690
2323 8679 8629 6590
2324 3339 3510
2325 10249 8346 7562 14088
2326 173 15915
2327 2662 2675 2692 2661 2765 2696 2764 2759 2780 2695 2769 2746 2706
2328 156 1118 4841 16481 14681 140 1006 9111 10613 8545
2329 1437 8376 8365
2330 14173 4379
2331 3074 10827 6864 6961 8425 10801
2332 437 4685
2333 8748 3550
2334 3001 199 12250 13265 14740 4146 12353
2335 7029 110
2336 110 16255 8868 16640 16396 8500 9716 166 3027 8985 2090 4459
2337 4114 12488
2338 6371 4217
2339 12194 11604 5010 7155 8957 6303 12534
2340 9918 1843
2341 6653 11858
2342 9828 14799 2191 4652 1090 13164 3566
2343 11238 8482
2344 1207 8063
2345 3568 1751 225
2346 7213 11796 14256 12381 11342 3846
2347 1992 16642 14683
2348 7816 9516
2349 230 4456
2350 10706 9185 12760 16626
2351 7696 13676 8742 16188 8046 12238 10381 3646 7282 10577 12620
2352 10439 12955 1870 1927
2353 6295 6035 9753 1097 5848 16377 9160 7949 2539 13766 230
2354 820 9285
2355 7557 2117 1883 13939 15013
2356 820 9613
2357 5078 6962
2358 7420 3268 3258
2359 11353 213 2539
2360 12802 1003 7900 3170 1788 15233 16217 6242 4577 15955 9896
2361 5582 7886 7309 8513 15276
2362 3841 5282 381
2363 408 6835 15118 14137 489
2364 13923 8449 3733 9029 824
2365 8785 10679 2829 14564 995 5760 2025 10234
2366 2716 2654
2367 9823 3680 14152
2368 1770 11305 7668
2369 4666 11384 8359 53 11490
2370 1403 11836 654
2371 5087 6390 8850 779 4095 6532 5086
2372 6757 9468
2373 14618 2589 14636 2851 283 915 11456 9339
2374 7122 5563 14010
2375 14199 14197
2376 6603 1601 711 1312 11905 14417
2377 12476 8501 877 9804 16641 15434 1086 2485 16396 1065 12209 13384 15674 16523 9742 16586 10478 14690 14300 5038 7995 12504 14881 13926
2378 414 8364
2379 970 15225 964
2380 7466 9294 15667 5318 2851 10440
2381 7151 11814 1484
2382 8730 5085
2383 509 11363 11181 4966 527
2384 3438 12932 6655 6662 15954
2385 6430 2146 14240
2386 9269 3416 1865 7568 12072 4812 10211 5822 9193 453 1880 12056 15205 1785 8799 7588 8597 6459 9202 15077 12088 3344 12091 8358 3070 12436 4582 1803 12097
2387 9233 1992 826
2388 4685 15154
2389 5098 11353 9210 927
2390 967 3140 6622 13927 12778 5752
2391 1518 644 15721 11647 4978 8218
2392 5579 1414
2393 13981 8302 5253
2394 1925 4391
2395 2300 1003 13594 8167 3200 8933 10903
2396 10062 8072
2397 8262 6365 1441
2398 8327 2600
2399 16461 1482 4131 7923 9383 1437 4163 16153 10975
2400 12828 2060 6519 10550 12603 3670 8721
2401 16283 580
2402 5238 108 10123 10170
2403 6856 12390 5429 5660
2404 11902 1085
2405 12495 5656 8581
2406 6479 2185
2407 9653 5298 13306
2408 4931 5712 9459 9444
2409 10779 7354 4780 7111 9748 3472 2033 2531
2410 10317 8190
2411 11895 15709 9655
2412 579 16066
2413 671 470 10658 338 12304 16663
2414 4576 6308
2415 7955 996 358
2416 14911 12403
2417 3275 4592
2418 1802 4445 6154 1894
2419 6796 4389 11852
2420 5655 3133 8144 8575 13921 9187 11176 6851 11545
2421 3269 5700
2422 4690 8696
2423 2260 7285
2424 7723 346
2425 12105 12635
2426 2095 11865 3297 13068 1887
2427 1103 2651 4694
2428 3313 1678 8226 5537
2429 2323 2095 9826 2322
2430 7267 9951
2431 8674 8679 2785
2432 6586 6037 3250 10906 7618
2433 1116 1454 1469 1591
2434 13594 11114 5817
2435 9034 3171 5838 3712 5830 4952 1236 9202 1437 8152 7190 1919 4477 421
2436 2759 2765
2437 12785 8148
2438 2745 2650 2713 2674 2699 2654 2679 2708 2743 2725 2737 2656 2769
2439 8800 13068 1235 5827 5703 421 3651 5843 6456 10443 4447 1887
2440 6016 1775 10228 1200
2441 9877 3530 9918
2442 9285 10420 5551 414 6937 484 2256 468
2443 2973 11444 1086
2444 3121 13767 2042
2445 1371 9576
2446 12324 295 3795
2447 6030 11277
2448 15804 8997 15396 12268 11271 15389 10532 10542 10536
2449 6829 382 4297 12515
2450 10290 10481 6186 1116
2451 795 5288 4375 11772 15407 5914 7109 10546 10882 4364 5378 8279 12609 10169 3990
2452 11156 7760 7747 10911
2453 2295 1181 2529 7052 14807 4516 1180 3654 1687 6950 6742
2454 9163 2223 6121 2871
2455 9113 9798 8589 4594 5878 5676 5655 7807 1076
2456 9895 1048 7827 4477 1900 319 10854 626 8883
2457 14527 15269
2458 4522 3620
2459 12419 5830 3418 9090 14011 9822 7249
2460 16518 4404 2146 4829 6428 4825 2121 6436 837 11889
2461 8585 1239 2185
2462 9000 12614 5730 9560 957
2463 1078 16680
2464 6405 8760 8761 735 10495 3554 6376
2465 11473 4914 4164 15333 1224 3736
2466 5817 7996 16565 7353
2467 6303 2256 13395 9421 1330 15800 1695 1603
2468 10812 8468
2469 7333 8846 10134 1680 5480 10204 10137 4348 4960 14363 14930 12917 6356 7314 10147 5172 1745 5284 10545 15188 69 11888 4955
2470 9265 5323 964 8549 3578 1862 11080
2471 14947 4699 3505 10074
2472 15596 12370 14066 13574 13562
2473 11018 4235 11805 5356 16120 5369 15631 3689 947 10120
2474 15827 15618
2475 11798 12301
2476 9918 6242
2477 2661 2735 2657 2774
2478 1023 3102 7756 4460 11182 6907 1568
2479 820 3328
2480 10761 5905 1177 4649 7383 13856 11608 393 3357 972 4552
2481 163 13599 619
2482 292 12029
2483 964 14469 15798
2484 1838 1802
2485 484 3341
2486 327 10357 7407 4749 4752 10897 11281 3567
2487 3373 306 260 312 3274 9434
2488 15658 4837
2489 11052 14880 10669 3457 6082
2490 13494 12049 2296 3477 268 1131 3280 9654
2491 5604 8590
2492 11005 1142 3280 3785
2493 6865 5330 13618 3894 9997 9588 11390 10373 10821 4880 1675 5378 1682 4222 13927 500 495 1696 3828 5539 3864 6305 10493 5538 3816 2065 1667 2049 5227 4229
2494 3620 7958 3429 469 7552 7998 9836 10039 9152 2517 266
2495 12155 3120 12281 8046
2496 14905 11893 14903 15761 5509 9785 14094
2497 12585 12588
2498 5370 4104 1333 12834 4086 1701 8231 1328 2576 1656
2499 1612 5912 1418 9545 5129 722 5050 7167
2500 9369 6750
2501 8784 1884 10451 5610 3047 567 10900 10431 8353
2502 3085 6839 6941 4303 12504 5244
2503 10075 7709 7713
2504 6151 6093 6175 15647 14640 7468
2505 4963 16080 15742 8274
2506 677 9109 1849 10211 12976 10356
2507 14118 9180
2508 8600 4519
2509 1543 6726 9380 3823 12569
2510 1744 2561 8231 12863 1291
2511 4996 11949 872
2512 3137 15152 696 12579 4551 5857 7287 1342
2513 8722 16566 3900 8777 3894 5134 12611
2514 14747 9570
2515 5878 1072
2516 16482 5908 2039 1965
2517 4108 2237
2518 13069 7736
2519 14958 16639 163
2520 4966 11199 1974
2521 6035 6450 10918
2522 2212 8378 8319 822 9038 9791 3161 6019 8377 820 11111 11685 8886 6653 1936 1829 13297 3837
2523 2778 2780 2777 2697 2655 2656 2692 2657 2773 2685 2708 2742 2702
2524 12998 3319 1037 3526 8148
2525 10343 8945 2862 2245 10799 15796 16269 2550
2526 2695 198
2527 5621 10442
2528 10553 2117 7221 5733 42 8849 12899 810 4054
2529 3215 5656 10081 2806 4693 528 4687 15241 659 7565 11544 9074 15522 10074 7249 8148 9066 14590
2530 11312 8368
2531 7230 5659
2532 5413 3707 15763 5736 8703 6593 577 15790 313
2533 646 9352
2534 4769 8152 12025
2535 3404 12209 1962
2536 16289 5937 3251 13132
2537 3738 15846 14718 4295
2538 13615 12021
2539 9189 1831 1829 12086 9629 3336 3150 1832
2540 5526 8793 10531
2541 1752 1201 11234 472 11235 1066
2542 2323 9901 3544
2543 11123 1240 3725 6768 1515 582 305
2544 11453 5067 7178 4725
2545 1414 8335 4989 7267 2050 5049
2546 14811 1181 3708
2547 4151 3135 12462 846 6643 8161 13521 1383 2164 6630 10254 8036 4300
2548 110 3986
2549 4602 14371 14244 8526 3389
2550 8001 9700 4134
2551 9578 11411 3667
2552 7089 9872
2553 2198 12228
2554 7290 13325
2555 6618 11676
2556 16694 9161
2557 11756 13962 4705
2558 16639 10742
2559 5212 2296 9599 417 5884
2560 10447 6151 12277
2561 1288 873 3802
2562 11729 15542 3518
2563 7885 4982 7897 8846
2564 9489 15351
2565 5755 4564 3135 3125 3600 4137 3621 2090
2566 1379 6695
2567 2757 2769 2713 2750 2753 2751 2723 2756 2784 2775 2779 2715 2708
2568 7641 6056
2569 4575 11422
2570 9154 71 2949
2571 1776 1236 419 4411
2572 3609 7001 3258 4725 10478 12706 10082
2573 13566 2161 14658 9705 2830 9236 15882
2574 955 804 14749 809 5639 4998
2575 9177 8448 11110
2576 4415 6093
2577 271 8057 3413 8183 6058 8930
2578 5956 5113 2560 6679 1611 3834 1625 9982 9999 5141 9988 1653 1589 5330 9991 6731 2563 1978
2579 5826 1928 9099
2580 481 5922 5931
2581 5918 4342 4126 4127 4354
2582 1279 14233 1410
2583 15882 986 10834 16088 16311
2584 4295 4154 13542 828 3675
2585 10217 14088
2586 6151 14506 9197
2587 8367 13248 11380 8361
2588 1500 1433 1482
2589 1838 3393
2590 2610 8729
2591 8137 10510
2592 15009 12387 7015 7810 10078 4689 7006 7009 5295 6991 7127 3438 3273 6996 6993 3257
2593 3291 9822 3058 4289 4396 3566 4397 3651
2594 7563 405 150 11245 6898
2595 9438 3075 12132
2596 15515 13740
2597 2530 8972
2598 880 894
2599 9848 1214
2600 982 1412
2601 14241 3194 5891 12629
2602 1789 5675 3335 8826 5412 243 10672 8533 6808
2603 6789 7915
2604 1887 10365
2605 2328 3530
2606 2683 2731
2607 15649 15318
2608 8663 9419 9110 6130
2609 8901 3035
2610 821 829 5728 3693 3702 11737 8010
2611 13406 2989 3191 874 8036
2612 4602 1140 1125
2613 6935 12315
2614 3338 5891 1763
2615 7526 5718
2616 9862 15391 15684 8858 12881 8096 4478 5431 3856 13630 6676 1474 12689 9743 13625 1980
2617 12954 5850 8671
2618 6185 7160 8120 1423 1543 15036 5926 15544
2619 10543 4086
2620 6372 6357 6339
2621 7134 1603 1506
2622 5335 14748 1964 11015
2623 16606 16273
2624 6295 13804 3251 14656 7237 7990 4576
2625 6029 1166
2626 11734 2223 13646 1116
2627 3030 8540 14737 5652 9843 1238
2628 6175 10385
2629 7735 4483 10080 1235 8150 7514 14331 9263 10378 3209
2630 14677 3319 6834 4506 1062 5658 16216 3203 5878
2631 1443 1379
2632 244 6041 13719 4387 9006 6029
2633 5932 7797
2634 231 4579 1842
2635 6044 7674 589
2636 2515 11057 3170 4283
2637 10438 6176
2638 10734 9402 914 7500 5087 8397 13183
2639 445 828 4143 3673 3333 4295
2640 16303 655 6617 4739 10566 1619 14497 1086 11782 7424 13555 8045 5035 16422 13006 583 3100 4473 8049 8353 877 11586 7433 13344 15423 4998
2641 5990 918 13699 926 9322
2642 5677 7565 7576 13398 7583 6781
2643 75 13919
2644 7510 13848
2645 464 13823 9727 1619 1167 4603 15189 4325 10566 13344 14093 9600 7424 1534 10252 16523 5806
2646 9196 2269 9190 3494 9173 1785 4450 7614 7133
2647 8559 6626
2648 988 15794
2649 892 2795 2917 8909
2650 1707 1713 663 4343 5400 1648
2651 6484 11229 4260
2652 15670 3393
2653 2981 10872 9254 2172 4536 2933 3727
2654 7379 327 2540 8331
2655 7325 11838 15367 15371
2656 6529 13555 11787
2657 8486 15791 625 5883 624
2658 7322 11257
2659 3267 13507
2660 1254 3162 12257
2661 411 11558 14463
2662 6100 2155 2261 13904 7697
2663 4105 808
2664 10786 7790
2665 14119 1752
2666 311 228
2667 728 12419
2668 8831 3094 4392 12553 10910 3197 11085 12050 12332 11191
2669 5810 16211 2858 2987 2910 2802
2670 7867 14344 3027
2671 3423 12322
2672 589 4573 5873
2673 9170 2919
2674 7363 10538 13922 5734 9691 5141 6414 3979 3657 14422 7104 5110 16033 4487
2675 81 1247 6801 10629 6121
2676 4725 5916 1742 7686
2677 198 2776
2678 13765 3639
2679 273 1373
2680 3164 13642 7837 16722 2258 11617 3147 14883 12862 14279 3674 3682 12674 4463 6634 5472
2681 4853 8642 9895 1290 6588 9759 8380 10269
2682 11225 15542
2683 5107 2194 5439 15306 6667 11453 4163 647
2684 5368 5367 15378 10532 15933 13114 3860 12909 15807 15684 10013 9482
2685 4032 853
2686 15740 11224
2687 1084 11875
2688 8806 5564 12312
2689 320 3135 3446 8158 9781 2090 1235 3167
2690 991 3108 4842 8699 6986 5736 4849 14714 5703 4401 10622 574 1241 7557 5879 9841
2691 16132 8425 160 408
2692 2096 4806 9091 4782 6859 1084 2105 2123 2134 8077 6196 5729 2136
2693 8795 4086 1708 8794
2694 1208 7923 100
2695 454 7010 8925 3418 4450 5213 1254 2315
2696 3326 3323 11505 10767 5872 9659 12192
2697 8389 13124 7755 12153 8386
2698 15203 16374
2699 1881 8797 4457 2296 3655 11917 4392
2700 12663 393 7465 15450 13292
2701 1238 3297 1159
2702 4653 10638 1488 1208 12960 8539 1211 3430 1416 9327
2703 4639 4631 3523
2704 4716 4719
2705 10570 3357 5612
2706 1246 3343 3713 9174 1893 9614 5301
2707 2755 2743
2708 15537 6525 7144 5969 8469 10870 6517 10330 12600 1443
2709 16575 1098
2710 4845 3104
2711 12900 15384 6684 12825 5522 3860 15932 3848 13637
2712 6660 8469
2713 12222 12237
2714 2714 2718 2750 2674 2680 2759 2697 2739 2734 2657 2754 2709 2722
2715 12571 2132 813 10128 14415 693 6553 1290 4227 16573 12586 16237
2716 2980 12365
2717 8363 8367 10982 11489 11312 8365 7274 5043
2718 11947 4375 6364
2719 1049 2774 2679 2735 2724 2746 2742 2759 2772 2678 2671 2750 2690
2720 9631 13025 225
2721 9119 7468 13749 16631 13033 7466 15981 11584 10998
2722 4865 4844
2723 12249 6302
2724 3667 3393
2725 1830 1256
2726 15138 15136
2727 2662 2738 2691 2760 2740 2690 2767 2700 2730 2766 2689 2660 2778
2728 8684 3123 3236
2729 4307 881 12644
2730 13011 13927
2731 10832 2205 503
2732 1023 4295
2733 1341 11808 10004 4241 4206 6569 4966 9992 9981 3968 5536
2734 1230 3602
2735 10212 4260
2736 10231 1879 1807 3417 5876 13848 7628 1838 1869 1855 13388 6492
2737 6096 7465 856 5627 7881
2738 3052 7643 1832 7630 5838
2739 9810 3809
2740 6762 11099 9431 1117 3331
2741 1056 7754 2186
2742 15077 11729 5676 5567
2743 6782 16740 199
2744 3150 11308 560
2745 1135 5561 1136
2746 14287 393 4000 4433 10988 3948 1301 6413 14277 13114 1680 1648 716 6633 6887 12647 4181 1987 4307 1973 6319 1510 11828 7505
2747 7353 1383
2748 7159 5631 7929
2749 6740 1330 656 794 1709 7439 14558 10985 13202 5366 16570 3859 12773 10019 5379 11626
2750 10317 6354
2751 6641 393 5384
2752 6853 9930 7225
2753 3495 12266 4447 3719 9186
2754 8289 5657 6247 4116 13612
2755 4534 11690 1751 4175 461 12340 2210 4550 4545
2756 2813 12539 6980 8611 10762 4530 6227 5308 2149
2757 7369 13156
2758 874 7990
2759 5306 1909 1899 1817 14589 1918 5779 14919 11231 970
2760 434 3128 13376
2761 5813 14866 12472 4575 4942
2762 9875 1028
2763 280 12251 296 13761
2764 16683 3547
2765 9264 1238 9424 3704
2766 12656 15123 1667 1689 1445 1444 1711 110 1662 12577 1687 928 3909 4949 7128 1384 1974
2767 1883 2306 4393 3518
2768 6637 14097 7929
2769 5314 9937
2770 2690 2721
2771 1992 6349 13661
2772 8890 8889
2773 16289 12138
2774 11542 13331 7242
2775 3807 11324
2776 4158 11795 4004 6186 8985 4353 2037 1604 5059
2777 6886 3816 13175 5918
2778 10391 2889 6022 16697 7950
2779 4428 1976 3876 1417 10003 1967 8900 8106
2780 7263 14776 1548 1441 1467
2781 5000 7141
2782 5623 5618 12274
2783 13388 5830 4503
2784 8233 12486 11602 12488
2785 4142 1775
2786 272 11535 3498 338 4705 14001 4684 11537 4682 7242 1755
2787 2901 6962 872
2788 4217 7060 2109 1272 4197 1984 8267 4966 13589 7183 12235 12888 5144
2789 7566 13453 4709
2790 14946 1379
2791 4817 2185
2792 15506 4690 7523 343 7518 8289 4701 15512 12864 15028 15520 5703 528 14441 11301 14617 14656 15516 14905
2793 3126 6551 820 4299 11137 878 1385 4463 693 10474 5818 10370 320 4575 5088 5108 9897 11428 1383 2194 5135 5875 13077 1278 11206 5123 14619
2794 3915 1504 1435 5955 8772 14702 1399 6345 8774 6321 4130 5349 5385 8092 5190 979 2045 9746 3953 5951 6865 3908 1434 7106 1385 7134 8718 14108 8773 1315 6338 13274 500 14604 3807 12290
2795 13361 12554 4409 16441
2796 3578 13073
2797 1268 5464 5290 676 15180 913 5432
2798 14040 1327 716 3863
2799 1033 6776
2800 1287 6715 6634
2801 2760 2736 2650 2696 2701 2656 2727 2693 2761 2689 2676 2766 2729
2802 6016 14215
2803 15031 110
2804 5959 872 8025
2805 2310 10061 2305 2297
2806 8067 10059
2807 974 13010 6649
2808 8626 12534 11251 11564 4408 12535 12532 6288 16204 6265
2809 5971 4734 4338 8786
2810 3495 3393
2811 8327 5977
2812 3035 4788
2813 12830 7322
2814 3779 4675
2815 10903 5328 640 8844
2816 1204 11473 15335
2817 135 138
2818 9402 15648 4669
2819 15848 7546
2820 180 463 1751
2821 16177 212 4601
2822 11598 16631
2823 11047 6007 9843 7577 236
2824 4729 8468 6319 8116 709 8460 5114
2825 5295 3406 1888 9042 1241 1870 7664 1118 1875 4443 1907 16502 10854 9610
2826 6188 13995 7686
2827 32 12527 11204
2828 1493 3038 3157
2829 498 6795 16438 4415
2830 13026 16621
2831 13554 14205 10660 14789 468
2832 14057 820
2833 4113 7142 10197 4160 10200 11920 13193 7164 8242 12652
2834 4605 14803 13866 12401 4619 10075 3219 14811 1180 14299 3584 14810 9295 14798 14479
2835 8535 443 5828 8175 436 1829
2836 1463 7341 8952 5037
2837 11124 9208
2838 668 6523 4772 15037
2839 14956 2103
2840 5559 3381
2841 413 14394
2842 14446 4474 13059
2843 11308 5507 9388 3775 7286 31
2844 3307 14371 2651 9439 8436 9430 3181 3283 9094 10050
2845 12277 3589
2846 9520 15610 10936 15081 15895
2847 14948 8454
2848 11826 10389
2849 8492 13592
2850 2234 5933
2851 4480 11612 6738 4499 7697
2852 3562 16752 2520
2853 13706 1873 3730
2854 6834 3421 13899 1819 1800 11080
2855 6613 9565
2856 8876 12807
2857 13561 11910 13572
2858 10435 2256
2859 3610 2252 7787 4889 15284 15089
2860 653 3104
2861 8239 646 6139
2862 1397 6187 3174 6806 12834
2863 12013 4599 620
2864 10681 14823 2858 2857 2912 4517 4552 9300 324 3603 14084
2865 18 9367 10 16727 5580 433 2588 10719
2866 15918 12029
2867 1580 3880 1682 1664 12819
2868 494 327
2869 2300 8076 9821
2870 15202 12751
2871 3713 421
2872 2460 2448
2873 8979 5329
2874 4599 1069 1777 7148
2875 12451 9997
2876 4241 8267 16327 6741 3832 2643 1472 1272 4197 5536 10808 9813 15907 11802 1645 8271 1558 1500 11455 9981 11431 5010 9984 2610 4125 8030 1297 5228 13241 13585
2877 11 9943 14891
2878 2967 14084 6959 15596
2879 211 15649
2880 2576 13496 5534
2881 11624 4498 11331 12565 1686 6718 4473
2882 9190 989 8544
2883 5953 7926
2884 2046 4743 1160 4765 7378 4795 7923 8340 2537 4644 11145 11475
2885 2025 3904 11484 4966 12816 1661
2886 3333 1254
2887 2732 2772
2888 10519 9113
2889 10725 46 11624 10723
2890 7074 4130 1698 3906 5368 10528 4086 6508 1432 3864 1699 8962
2891 827 13778
2892 7967 6083 519 13776 515
2893 1103 9920
2894 5616 12762 8669 12226
2895 6100 1084
2896 12811 10951 11285 5535 12431 8395 14754 7175
2897 11906 4519
2898 110 4783
2899 1419 4207 1385 11196 4237 1742 15181 6377 16225 676 4020 7061 4572 5385 10701 4064 4349 3893 3836 13179 1570
2900 16359 14897
2901 8221 13885 10262 8703 1290
2902 5723 4327 10288 7128 4663 3549 8757 9725
2903 14229 2529
2904 10959 2096
2905 5297 3564 5303 5300
2906 6075 15788 14504 1894 4139 2249 1765 11729 1254 5215 12103 1808 13094 11865 416 11759 8945 7916 2258 4450 9781 7551 8568
2907 5117 14967 1645 6708 1272
2908 76 7946 3195 1190 2090 7205 1182 4755 3037 9932 4808 4754 3612 4795 9779 4791 1427 3123 4038 3393 4738 3395 4778 3396
2909 5506 5403 13247 397 1746 1547 469 1533 3121 7618 955 10548 15744 13870 646 1732 11335 1519 1552 12572 3916 12872 657 13157 5503
2910 13426 2837 2226 9300 15481 2954 2792 15588 15490 2878 13861 2850 15483 2986 14983
2911 280 270
2912 975 4876 4311 4874 1501
2913 10057 10674 7565 7231 11221
2914 110 1204
2915 10936 2852 11691 8612 393 2218 9163 16760 6821 9691 826 13691 4528 4519 835 2894 9690
2916 1188 5832 8171
2917 6950 7969 14808 996 12401 4549 14487
2918 5766 3608 2517 1140
2919 12263 10703
2920 4397 8942
2921 12786 9262
2922 11046 15964
2923 251 7113 6767 1854 2095
2924 2592 10655 13888
2925 11898 2989 9220 11678
2926 6923 6906 11001 6897 8488
2927 14252 1911
2928 11172 1838 5414 8313 9674 472 3430 7514 1036 11984
2929 3574 9330
2930 3619 10466 4134
2931 6977 12643
2932 14486 791 14357 11777
2933 7243 2304 9874 3544 6245 13513
2934 11015 805
2935 804 5174
2936 11152 3094 6260 12543 16481 653 13754 3199 9624 12536 9693 4845 13994
2937 637 7990
2938 1254 10217 4144
2939 2129 6608 4108
2940 1838 13901 1774 8877 414 5773 1257 3043
2941 2852 2849
2942 14245 14218 6228
2943 10612 10249 6839
2944 6127 1761
2945 14619 6311 14426 481 1965 12690 5086 8874 7214 9366 775 6194
2946 11338 15131 1149 13012
2947 6139 651 810 1679 813 6216 5719 8339
2948 1436 909 4743 4469
2949 7244 7525 9141 11979
2950 3339 14874 10297
2951 3513 4769 3466
2952 7139 10696 2592 1425 1508 16467 1652 5117 9980
2953 1954 10604
2954 15963 10491 15995 5870 13353
2955 4617 3523 4650
2956 6582 437 3019
2957 8873 9029 7815 3473 1026 8797 12086 8160 2532
2958 13149 13047
2959 11595 7024 1484 14999 4482 12710
2960 572 9022 8005 12250 3733 1389 5686 7698 14268
2961 6874 14101 12194 8351
2962 461 10250 200 3258 3085
2963 2666 2655
2964 3632 10433 7791
2965 95 6865 10149 4793 7208
2966 4482 3399 6736 4473
2967 7495 8863 1512 4469 11624 1646 3961 9001 3886 8995 7489
2968 3498 9130
2969 3693 9036
2970 9550 14269 16763 11377 11956 11961 14436
2971 5791 13329 6459 9881 5796
2972 5993 16659 7699 16612
2973 8967 16386 6674
2974 12846 180
2975 5987 1245
2976 162 13251
2977 10112 7095 1238 4121 13120 5332 6394 15185 16074 1325 10126 1735 4366 14175 807 5129 7061 5526 2121 14106 3978 13546
2978 2952 8607 2824
2979 2099 5596 2118
2980 3442 12631
2981 10779 3944
2982 15814 15813
2983 11091 2455 568 393 5244 13801
2984 10635 12720 1784 3341
2985 7900 10188
2986 10560 10351
2987 643 5003
2988 5573 6110 4974 4990 28
2989 8707 5612
2990 421 12402 10586
2991 4290 3290
2992 1763 185 7134 12278 8667 12830
2993 326 10238 2159
2994 14457 6886
2995 3047 530 8563 418 9034 6225 1249 12045 1782 16317 1177 1235 1189 1783 6028 6623 14108
2996 5577 7223 5579
2997 12476 1296 1295 11939 8232 11904 8234
2998 14603 12129 14596 1103 2863 10082 1085 3518
2999 13392 2
3000 14246 9224
3001 3313 6098 2096 3762 6637 6814
3002 6428 3046 1250 6028 14609 3596
3003 242 580 4583 296 270 281 13360 269 16078
3004 700 3393
3005 11386 33 10875 6559 6881
3006 12528 6389 726 4332
3007 2575 1303 1518
3008 413 10136
3009 13010 1939 10790 15111 7728 10795 10639
3010 1640 8410
3011 38 5100 8850 14953 9376 8102 646 16727
3012 11678 13679 7872 5707 5612
3013 5932 15164 988
3014 6227 4560
3015 2731 2752 2667
3016 3190 5587
3017 4196 4197 4160 4214 11752 7159
3018 7146 7433 7325 10657 417
3019 9374 9951
3020 13351 9707 7497 11790 5499 13200 3090 10065 4487 8985 9709 10775 9807 393 5255 9722
3021 12463 3146 3347
3022 2200 7804 8532 6833
3023 4114 3961 2645
3024 15966 10777 11670
3025 10802 11770
3026 12458 11505
3027 16205 3232
3028 13333 10763
3029 4515 6033 9047 10052
3030 4905 2312 4726 8170 7485
3031 7304 9320 8359 858 9385 10730 7535
3032 13460 970
3033 15890 14500
3034 246 239 2517 9704 14634 935 5990
3035 928 7189
3036 15355 4294
3037 5611 7428 6233
3038 7174 1531 11922 1576
3039 12272 2960 2853 2857 13317 2909 6959 5793 9298
3040 5344 3937 4097 15671 2646 14021 3806 2560 6555 1674 4086 4085 4428 1425 4127 4222 6530
3041 16768 16232
3042 1750 2550 8887 7385
3043 9863 11215
3044 9390 721 6673 8262 1722 15026 16541 2635 12970 9003 1360 11025 5281 1398 4025 8268 815 2071 10164 6876 12777 1378 9443 12482 4364 12616 15805 15935 5056 804 14705 12613 4212 1399 8265 6215
3045 3349 7636
3046 9666 12281 6275 11108
3047 472 3598 2188 8346 9508 8963 461 5846
3048 12680 10497 5347
3049 10865 6392
3050 3059 12049 7231
3051 3408 6637 3437 8818 4578 7415 10576 12193
3052 3454 13513 3474
3053 12357 8486 16733 13250
3054 563 972 8497 1784 10450 10359 1758
3055 11459 3841
3056 2639 13430
3057 1968 13655 9142 3963 6839 11201 963 665 7492 675 4482 1744 5861 7165 14965 15436
3058 7847 4677
3059 5612 3364
3060 413 13532
3061 14514 4425 15330 2517
3062 5634 8848
3063 327 9210 7638 4459 11468 3837 15697 11691 1529 4914 7276 33 12673 5863 9366 3154 5943 912 14346 1428
3064 14374 3013
3065 7889 9354 7922
3066 13868 15240 14823 6945 2810 9490 14087 9152 5800 13861 9757
3067 6631 8332 12473 6489 5507 32
3068 10954 1084
3069 131 3073 10658
3070 6354 802
3071 7220 7665 7276 11939 1690 5580 11820 1691 12694 2605 2097 11278 3407 3845 4735 8788 10191 0
3072 6592 3199 11043 6022
3073 8356 4467
3074 7882 4510 8682 13937
3075 110 11116
3076 4710 1103 266
3077 5335 13372 494
3078 964 1816 8387
3079 13259 8039
3080 2433 2413 2511 2351 2440 2435 2336 2482 2400 2407 2474 2412 2478 2492 2491 2465 2411
3081 763 1980 795 9562
3082 7682 5989
3083 4952 803 5526 13212
3084 8353 1575 1642 9218 11604 1752
3085 646 4467 9455 14295
3086 6309 4585 270
3087 14973 3104 5738 9841
3088 5211 3494
3089 4630 4628
3090 12541 12722 12953 2804 271 908 9067 13008 8500 6071
3091 7785 11786
3092 462 1438
3093 1502 1651 719 1432
3094 6010 14200
3095 1543 1254 15630 647 695 5360 10153 73 14023 6680 7130 99 8104 5483 5330 10195 1570 13581 10025 85 6699 3868 2121 9982 4794 10104 3967 6644 1972 8865
3096 7847 4675
3097 6045 228
3098 2760 2754 2687 2685 2727 2707 2704 2752 2763 2757 2678 2656 2765
3099 7240 5216 1992
3100 1570 1400 12964
3101 86 14233 979
3102 913 971 1488 1474 922 1278 5853 3136 4575 4914 9413 4879 12673 6015 8882 5634
3103 4077 812
3104 15222 16623 16689
3105 6748 2550 2056 925 15778 15443 4815 11182 9490
3106 15086 3820 5093 1299 5966
3107 6442 620
3108 15230 9773
3109 3127 3431 3440
3110 8734 388 1457 2118 67 10117 1340 14865 7220 9544 10780 6604 15738 5385 7851 13737 8 14743 9387 11768 6207
3111 2791 2911 2957 2946 2967 2786 888 11342 9170 2956 2883 2913 2836 2977 2832 2891 2938 2830 2816 10589
3112 7047 1977 10009 6886
3113 5098 1475 7032 3157 1235
3114 10939 989
3115 1722 3929 10108 11341 9568 9566 6676 4089
3116 12241 14530
3117 261 4647 7389
3118 8073 13968 13969 5758 10217 1380 820
3119 6809 8206 14180
3120 4646 4634
3121 1379 5743
3122 1752 143 470
3123 12770 6602 16570
3124 11037 393
3125 6303 6289
3126 5439 694 433 874 11132
3127 13778 9025
3128 6490 12056 1873 1807 1885 5210 13848 9601 271 10333 6763 10434 4397 5422 12054 9608 10431 1846 273 10432 10419 10446 293 9185 9609 12090
3129 163 16260 6470
3130 10407 6387 3958 5175 7207 12724 6517 3904 10412
3131 2989 3297 14030 12463 15822 1380 3126 875 9524 4555 3327 843 1244 833 3138
3132 10561 12317
3133 11573 8492
3134 1174 198
3135 8633 3206
3136 13062 6335 10812 11834 6889 8471 4108 6631 3218 9872 795
3137 13637 1455 9481 16334 14319 7073 668 15366 15370 16673 6531 12883 9730 11345
3138 4701 470 5603 9492 14768 7252 8147
3139 4489 12100
3140 11034 4550 3636
3141 261 12187 5745 134 15213 12252
3142 6466 13003 241 6470 1824 8551 8309 3711
3143 2981 15598 14067 13958 2246 12365
3144 9146 382 13017 15586 2171 15486 7944 9035 7795 351 9761 8613 568 15492 4415 2829 126 2960
3145 1106 1110
3146 15832 14958 11246 16454 8723 979
3147 7397 3809 12529 7043 9030 9308 10308 5432
3148 904 13841 15135
3149 14341 3837
3150 1064 142 9119
3151 16124 1985 5331 6555 4012 5005 13581 11291 1589 7030 3842 6680
3152 16784 13575
3153 2645 4090 5534
3154 6995 2520 11547 10392 3793 13813 15501 5703 10083 11546 874 9764 4684 11072 2916 7253 4582 11541
3155 12288 3169 6017
3156 629 7732 586 3690
3157 3514 13445 1125 802 8902 10033
3158 4131 393 13749 3554 4273 803
3159 483 6502 9613 13271
3160 12703 9064
3161 6042 13258 163
3162 330 163 11258
3163 7173 4966
3164 15480 15173 13302 14306 8621 2846 5395
3165 775 2078 10531 1270
3166 8803 6205
3167 1386 3218 414 14348 15877 2548 14449 8403 11633
3168 1315 5225 16570 6684
3169 12873 4391 1750
3170 522 513 523 4576 13031 505 509 511
3171 2919 11788 9749 2954 2792 14565
3172 2068 13979 4159 9994
3173 8785 8601 10546
3174 672 1305 690 14368 5039 12578 1295 782 12568
3175 125 14904 10076
3176 643 7219 1296 6725 10876 4169 8227 7766 35 11646 1400 6527 5289
3177 12511 10578 1246 3291 10390 469 13789 1259 3254 13792 1177 3078
3178 8372 10599 8366
3179 9304 10748 7781 10286 9719 8644 4488 10279 5959 9446 8547
3180 12050 1061 312
3181 13149 14186
3182 5793 5783
3183 3578 11041 6151 4416 6150
3184 2289 13109
3185 2330 7232 9140 13740
3186 5013 62 5042 913 15326
3187 6679 15374
3188 7532 3140
3189 12402 2953 16755
3190 10158 11934 1721 1731 4381
3191 11412 16396
3192 9627 4450 3175
3193 11412 11418 11414 382 4471 11420 9124
3194 15962 6896 4285 8145 4407 13519 6265 12531
3195 9695 16560 9700 9694
3196 2965 1379
3197 14737 4412
3198 10351 3624 1249 166 12376 1242 4444 10611 12841 8173 5755 199 3035 7239 12948 1890 15700 3150 1236 13152 12436 13580 3595 1158 3164
3199 1137 13755 3275 6590 3627 5694
3200 7489 4469 5250 9944 9470 5244
3201 981 14684 2198 2255 1760 9479 10643 2194 464 14812 4142 6223 12338 10565 3227 372
3202 6308 14405
3203 14491 7519 8884 6083 11513 8137 4477 15672 5829 1050 14373 1039 11404 14375 6249 8178 11402 833 7577
3204 3722 7133
3205 14193 13135
3206 13844 10788 1106 8706 11279
3207 1161 14108
3208 12185 6032 131
3209 5501 14667 5265 4013
3210 3166 14252
3211 4989 7295
3212 11242 1955 1945 8436 1763 16733
3213 7972 2788 3494 1254 7624 11033 3461
3214 6027 12845 16103 1254 16098 3457 13433 7521 3517 3475 3714 3506 12974 7509 7571 3139 12037 6035 5207
3215 7125 247
3216 10577 12022
3217 3400 3728 268
3218 9767 4526
3219 4685 422 11723 3030 872
3220 8090 1118 3457 354 16095
3221 1039 12503 8150 6049 12501 3023
3222 9516 7248
3223 2089 10169
3224 12023 3058 3496 12791 7249 3486 12782 10629
3225 8921 820 14534
3226 29 9349
3227 11758 6626
3228 8604 4518
3229 5910 6876
3230 6375 14968 6364 713 757 14551
3231 6293 5831 3001 13260 13265
3232 5385 1716 12857
3233 1430 643 7713 4815 6113 15308 3448 13186 4832
3234 4502 1890 829
3235 2550 6267 3234
3236 3382 10058 3035 3030 1140 3301 11167 3627 7715 1790 12309
3237 1785 1892 9047
3238 2714 2724 2712 2698 2781 2679 2707 2676 2685 2709 2656 2779 2661
3239 12856 13577
3240 15767 2927 2928 11894 2182 15532 15311 2181 13567 8613 2811 5391 2789 9207 92 5981
3241 3954 14755 10397
3242 62 9371 1962 3784 8395 15194 3194 9316 877 12701
3243 2325 3441 6422 3742 15144
3244 13527 5830 3333 3332 1881 1015
3245 8457 15238 5391 1352 10882 3979 2575 6647 8787
3246 459 7422
3247 972 2185
3248 3146 9303
3249 3620 1097 11412 15216 874 4101 7477 828 10491 6839 1090 1094
3250 9312 13922
3251 16212 2912
3252 7204 5223 1598 1436 2616 9587 3147 9447 2617 12708 5722 1435 14101 937 12297
3253 8940 4705
3254 3054 1200 1782 10376
3255 15489 10246 9158 2867 6945 10687 5800 15587 1158 11749 14983 11746 15487 14601 14086
3256 13092 2089 645 14297 15293 12383 14296 1659 15959 15714
3257 3469 7243 5891 1060 3133 8153 6470 6088 5650 3529 8588 4686 6050
3258 1437 462 8377 1236 1171
3259 16800 14213
3260 1111 13441
3261 10220 3795 3133 7829
3262 15870 2930
3263 7674 12321 16028 1981 6425 16801 12319 12601 5589 2058 1202 6206 7389 4909 12804 4742 13275 6849
3264 3300 11219 11516 11511 417 3005 3494
3265 1697 10015 16470
3266 1749 10344
3267 8740 5657 5900 9361 9067 16804 12204 4940 14960 7090
3268 13813 8173
3269 6012 5997 11440
3270 6151 8881
3271 5197 5217 7614
3272 14238 11861 14936 7450 2242 5665
3273 7777 10959 7771 646 11380 1383 4935 4974
3274 16027 868
3275 16806 12675
3276 13935 5308
