0.010652108214323568 0.0061544905846404934
0.05408477760196636 0.028863118558583818
0.06225334110314639 0.03222054113259713
0.06375662831791161 0.03331209998826961
0.06660433679015762 0.03404210582313902
0.0677073972234761 0.03491208771188323
0.0725631628909556 0.03619731194141749
0.07043817343452885 0.03568852628936449
0.0734348915137941 0.03685447998021875
0.07274162349394452 0.03657357225900784
0.0763839968002329 0.03670317926536183
0.07191828358845051 0.03532379924543317
0.07349786956269058 0.03599180500036611
0.07475936934666538 0.03655090914565926
0.07747692825526202 0.037331572992530405
0.07725533053956055 0.037176888606676464
0.07576812943908252 0.03695694106813834
0.07441526904534163 0.03701687175190362
0.0760920475283308 0.03722809643642509
