0.016664773516002353 0.0315488517984687
0.12437346550798124 0.20796023386255283
0.1346568609572967 0.22358759369271206
0.13817810208881273 0.22836085319674154
0.14147824174684756 0.23320466034150075
0.14395744735680008 0.236454885589236
0.14515453136436612 0.2384991474001148
0.1455845488435799 0.23932734902089847
0.14638412290211714 0.24141854143759534
0.14811847786208182 0.24249408027487843
0.14803329681009217 0.24275957094711711
0.14846495764743245 0.2432038050490755
0.14897204095159255 0.2439590023817847
0.14913780083236847 0.24454853060190396
0.1495884786963589 0.24478565403007013
0.149806007228046 0.2452527724671939
0.14986655974352942 0.24589053317345974
0.14950005200824415 0.24478836848911972
0.14987585020719174 0.2457013644737696
0.1502433151102391 0.24626008617511064
0.15018619121911478 0.24595352097880446
0.14996135397293547 0.24623073747043428
0.1505950459709285 0.24653271246572314
0.15039553791888077 0.24712141886686007
0.1502095509371372 0.24678127531234076
0.14988915499705024 0.24624607023246142
0.1500990325994669 0.24620357577696453
0.1507302672978584 0.24701934513867568
0.1508295830966956 0.24736966407158825
0.15044651825619212 0.2468210187649838
0.15021086925443955 0.24636888201513232
0.15078088110054408 0.24742123539404912
0.15034907047335658 0.24687596245825386
0.1508185718491566 0.24712985827368034
0.15079445560922464 0.24702736317049173
0.15062351467257512 0.24708064251453532
0.1504267139830925 0.2468462730539462
0.15075126759125954 0.24690891030958986
0.15084884345235228 0.24724707875997262
0.1507280575307055 0.2470813152578507
0.15128629499182955 0.24699402091004877
0.14992885987625104 0.24627379777090636
0.15020601989518995 0.246362312295051
0.1509501761549856 0.24654435425551965
0.1508275706946562 0.24660462088323856
0.15129030530773194 0.24698563921691583
0.15100838329226413 0.24680183837697806
0.15101344073427392 0.24704014894232254
0.15114779017896723 0.2469742947452517
0.15117208883457464 0.2475393842350818

