0.11208609271523179 0.030392379374252754
0.36241721854304637 0.08926191018555914
0.4074503311258278 0.10100722921936003
0.425 0.10570319161878372
0.4357615894039735 0.11017906153253021
0.44039735099337746 0.11140682586194886
0.44056291390728475 0.1126454710362249
0.4423841059602649 0.11307654933918697
0.44403973509933775 0.11311351818997285
0.44867549668874174 0.11422107371140544
0.447682119205298 0.11422696694082463
0.44867549668874174 0.11476974659136085
0.4498344370860927 0.11513196213752461
0.452317880794702 0.11585041654253615
0.45281456953642385 0.11568478309836086
0.45298013245033114 0.11571686602050729
0.4551324503311258 0.11623778385327747
0.45248344370860927 0.11542256490097566
0.454635761589404 0.11594583850287417
0.45380794701986754 0.11587768737643261
0.4551324503311258 0.11682933555285903
0.4554635761589404 0.1163443564920518
0.45778145695364236 0.11706547276547649
0.45745033112582784 0.11699797872634517
0.4549668874172185 0.11670584921641725
0.45678807947019867 0.11687139159901751
0.45745033112582784 0.11695750988608761
0.4607615894039735 0.11796764673682877
0.4596026490066225 0.11794069047488892
0.45794701986754965 0.11757247379217206
0.45711920529801325 0.11700192736669576
0.45778145695364236 0.11698787490586654
0.4609271523178808 0.11742553031626703
0.45827814569536424 0.11724074528709497
0.4596026490066225 0.11742109522075965
0.4584437086092715 0.11747558342429985
0.4587748344370861 0.11706125365904085
0.45811258278145695 0.11669447392097021
0.45910596026490064 0.11732427183949184
0.4589403973509934 0.11701066575622121
0.4586092715231788 0.11702447402483322
0.45711920529801325 0.11721186183463618
0.45695364238410596 0.11710450915972215
0.4596026490066225 0.11741608641797394
0.45728476821192054 0.11703488971288345
0.45678807947019867 0.11716332773824355
0.45695364238410596 0.11728024338148213
0.45745033112582784 0.11741960008959779
0.4594370860927152 0.11808181231604639
0.45927152317880793 0.11785551038142861
0.4562913907284768 0.11739108016665112
0.45761589403973507 0.11735112097761351
0.4566225165562914 0.11737522020795432
0.4596026490066225 0.11807250569348866
0.4597682119205298 0.11790436615756626
