0.1632450331125828 0.04785648622396744
0.16605960264900663 0.04610492911512335
0.1978476821192053 0.05571801419101272
0.2165562913907285 0.06148971438673998
0.2326158940397351 0.06458984513146519
0.24668874172185432 0.07114743102420856
0.24933774834437086 0.07172537586602624
0.2576158940397351 0.07284546915559101
0.27102649006622515 0.07701017240411322
0.2662251655629139 0.07545044208957831
0.2806291390728477 0.08229814209093814
0.27533112582781455 0.08073439032978282
0.27913907284768213 0.08145922297386755
0.2811258278145695 0.08254574489488613
0.27880794701986755 0.08160357205972758
0.2897350993377483 0.08439036961900924
0.2890728476821192 0.08527753711762472
0.2910596026490066 0.0834927853801463
0.28725165562913907 0.08371008959774155
0.29238410596026493 0.08543476719916218
0.28526490066225163 0.08275631217741354
0.2937086092715232 0.08567849054456368
0.29387417218543044 0.08589573026526899
0.2945364238410596 0.08560530165470388
0.2990066225165563 0.08723664031046117
0.29735099337748344 0.0866747618288337
0.295364238410596 0.08603523165815138
0.2935430463576159 0.08607117849268384
0.29387417218543044 0.08625972036684385
0.3001655629139073 0.08768110012337395
0.30115894039735097 0.08775769825498045
0.304635761589404 0.08834511683797017
0.3021523178807947 0.0881047318934186
0.29635761589403975 0.08630209315608807
0.2935430463576159 0.0856976660332018
0.2985099337748344 0.08782188002834113
0.29718543046357615 0.08728420221818335
0.30066225165562915 0.08846428624551439
0.3033112582781457 0.08972492917254933
0.3043046357615894 0.08970154867004759
0.30678807947019865 0.09038557196674848
0.3077814569536424 0.09048321399600234
0.31059602649006623 0.09142550683853727
0.31357615894039736 0.09282693489754712
0.3087748344370861 0.09124513310353578
0.30612582781456954 0.09003465489268929
0.31009933774834436 0.09176918696740603
0.31009933774834436 0.0915551131017057
0.31009933774834436 0.09181155324397915
0.3082781456953642 0.09192188643907903
0.308112582781457 0.09208157538419372
0.30910596026490067 0.09236786712952212
0.30993377483443707 0.09265383038726804
0.3086092715231788 0.09180903196022455
0.3043046357615894 0.09016849249588092
0.3074503311258278 0.09108627421926817
0.30711920529801323 0.0914308293389306
0.30629139072847683 0.09134678485471032
0.3066225165562914 0.09100046464742889
0.3033112582781457 0.08989677906736572
0.3054635761589404 0.09104428294754685
0.30711920529801323 0.09082154447023082
0.30596026490066225 0.09079720537920655
0.3077814569536424 0.09149558618357369
0.3064569536423841 0.09053280522546611
0.30927152317880796 0.09211198087883107
0.3132450331125828 0.09331025733582204
0.3124172185430464 0.09264878103016827
0.30695364238410594 0.09103668961506936
0.30596026490066225 0.09086589702389294
0.30943708609271525 0.09203893144703568
0.3117549668874172 0.09238881977776334
0.30910596026490067 0.09165417576360975
0.3097682119205298 0.09187205081836283
0.31125827814569534 0.0922415204188969
0.31059602649006623 0.09209781600604894
0.31059602649006623 0.09249070226580987
0.30943708609271525 0.0919113861727684
0.308112582781457 0.09170955979869694
0.3119205298013245 0.09268605342908835
0.31125827814569534 0.09326331552241711
0.31059602649006623 0.0926624107102045
0.3130794701986755 0.09348535547548842
0.3119205298013245 0.09283263132980021
0.31125827814569534 0.09273418206672174
0.30993377483443707 0.09260970807931285
0.31043046357615894 0.09312659277442356
0.3087748344370861 0.09234785124259592
0.3122516556291391 0.09337293549934901
0.3129139072847682 0.09345824851722168
0.3152317880794702 0.09399599507959241
0.3152317880794702 0.09407927131672962
0.31142384105960264 0.09335867274334853
0.3086092715231788 0.09267376912771629
0.31043046357615894 0.09317105901881688
0.31043046357615894 0.09270198706081967
0.3087748344370861 0.092381609543838
0.3072847682119205 0.09219734290656677
0.3082781456953642 0.09244515697407689
0.30943708609271525 0.09306189826313815
0.31043046357615894 0.09261397918805096
0.3122516556291391 0.0932384847932832
0.3122516556291391 0.09349455991468653
0.3130794701986755 0.09406790172067035
0.31374172185430466 0.09420465391763211
0.31125827814569534 0.09335561782003848
0.3107615894039735 0.09318834227590543
0.31142384105960264 0.09317718988649826
0.3117549668874172 0.09343592464082705
0.3109271523178808 0.09287529899334546
0.31109271523178805 0.0931767554091542
0.3134105960264901 0.09393796625825718
0.3089403973509934 0.0923678036224074
0.31142384105960264 0.09369085794788713
0.3142384105960265 0.09366052071411834
0.3160596026490066 0.09430421271093999
0.31109271523178805 0.09239576987529827
0.30960264900662254 0.09257439944197833
0.31357615894039736 0.09407694487436305
0.3134105960264901 0.09413470453045736
0.3134105960264901 0.09367178794518295
0.3125827814569536 0.09367880104490074
0.3130794701986755 0.09402561855541706
0.3125827814569536 0.09356465142392525
0.31374172185430466 0.09406556637632006
0.3097682119205298 0.09357066102942417
0.31142384105960264 0.09377629607113261
0.31009933774834436 0.0930804032449046
0.31456953642384106 0.09466956074113894
0.3125827814569536 0.09369246381333102
0.31043046357615894 0.09347528452244418
0.31009933774834436 0.093598207183947
0.3115894039735099 0.09353037632738044
0.30910596026490067 0.09266901685411776
0.3087748344370861 0.09267897811529051
0.3097682119205298 0.09336207427985517
0.3109271523178808 0.09332795762924986
0.3097682119205298 0.09310066802854931
0.30943708609271525 0.09310666820862297
0.31059602649006623 0.09318367550994411
0.3107615894039735 0.09313910736509572
0.31125827814569534 0.09305520391672961
0.3107615894039735 0.09283010334053496
0.3107615894039735 0.09274616827992696
0.3130794701986755 0.09328734816407533
0.3142384105960265 0.09346832647167005
0.3127483443708609 0.09338592518356874
0.31390728476821195 0.09383232159312843
0.31456953642384106 0.0939349278497473
0.3127483443708609 0.0934154255891617
0.3107615894039735 0.09242897678952129
0.3140728476821192 0.09354808099885648
0.31506622516556293 0.09398721977237723
0.3125827814569536 0.09350047865246096
0.3120860927152318 0.09355203220921611
0.3107615894039735 0.09351587918280223
0.31059602649006623 0.0933183737899072
0.31009933774834436 0.0927042640467028
0.3097682119205298 0.09246751822021529
0.31009933774834436 0.09273572539380932
0.3124172185430464 0.09371708175506048
0.31456953642384106 0.09412954059791727
0.3134105960264901 0.09395831926733843
0.3129139072847682 0.09404929941251056
0.3142384105960265 0.09405778876287732
0.3130794701986755 0.09379419103010717
0.3117549668874172 0.09335779302209936
0.3125827814569536 0.09334651828117192
0.3132450331125828 0.09358147512350323
0.3120860927152318 0.09320317149254811
0.3130794701986755 0.09371813737005721
0.3122516556291391 0.09299765455149037
0.31473509933774835 0.09382329945030746
0.31506622516556293 0.09405411364769983
0.3162251655629139 0.09393795194420147
0.31589403973509933 0.09396779919229781
0.31589403973509933 0.09406996754648835
0.31589403973509933 0.09393682802630143
0.3170529801324503 0.09442595382184948
0.3175496688741722 0.09485159443627675
0.3177152317880795 0.09433186319122806
0.3172185430463576 0.09427169457846109
0.31556291390728475 0.09410652429902332
0.3163907284768212 0.09418194682395381
0.31490066225165564 0.09380728073654081
0.31506622516556293 0.0935984733811552
0.31490066225165564 0.09379553973480284
0.3134105960264901 0.0935315311362023
0.3127483443708609 0.09337680195847517
0.31374172185430466 0.093963224920686
0.3142384105960265 0.09402773628555303
0.3163907284768212 0.09455765515015549
0.31506622516556293 0.09387920272460488
0.31456953642384106 0.09388816245803883
0.31490066225165564 0.09391802304069655
0.31572847682119204 0.09432757535155915
0.3165562913907285 0.09463967317304335
0.31506622516556293 0.09411982002630928
0.31556291390728475 0.0942386044494846
0.31490066225165564 0.09401933002022249
0.3162251655629139 0.09438166087790117
0.31456953642384106 0.09359032214949363
0.31473509933774835 0.09385722228254796
0.31589403973509933 0.09423321632002814
0.3165562913907285 0.09448972125144017
0.31506622516556293 0.09375759764958691
0.31506622516556293 0.0941230553476191
0.31440397350993377 0.09373882566132018
0.31109271523178805 0.09267395930637279
0.3127483443708609 0.09272402134888219
0.31506622516556293 0.09404345651483657
0.31572847682119204 0.09381722152954951
0.3140728476821192 0.09365213931700195
0.31374172185430466 0.09341027181728191
0.3140728476821192 0.0934419738544219
0.3142384105960265 0.09348475245458177
0.31456953642384106 0.09333137488015435
0.31440397350993377 0.09278785475550384
0.3134105960264901 0.09313455091949256
0.31556291390728475 0.09340433415962157
0.31506622516556293 0.09350056560969892
0.31539735099337746 0.0939201017612796
0.3163907284768212 0.09413094250505571
0.31490066225165564 0.09369886467563851
0.3134105960264901 0.09362725185982079
0.3125827814569536 0.09330919875149724
0.3124172185430464 0.0929600087860521
0.31374172185430466 0.09329050226104256
0.31357615894039736 0.09303534429943332
0.31357615894039736 0.09297136353306565
0.3134105960264901 0.09313332602527605
0.31374172185430466 0.09359697160011914
0.31390728476821195 0.09366714717178405
0.3165562913907285 0.094720929648933
0.3165562913907285 0.09476954645482179
0.3172185430463576 0.0949084607905999
0.3163907284768212 0.09484356226638221
0.31490066225165564 0.09406576094318636
0.31390728476821195 0.09393310357374186
0.3134105960264901 0.09388678828977157
0.3129139072847682 0.09368637640681286
0.31374172185430466 0.09359054724343352
0.31473509933774835 0.09409226221375623
0.3167218543046358 0.09495908764225403
0.31490066225165564 0.09400750369282249
0.31473509933774835 0.09355832321879702
0.3163907284768212 0.09383335243115473
0.31556291390728475 0.09370495075389619
0.31556291390728475 0.09365788130605912
0.3162251655629139 0.09447268604375852
0.3170529801324503 0.09505098208706532
0.3162251655629139 0.09502736977865486
0.31473509933774835 0.09445247988381812
0.3134105960264901 0.09415414222256187
0.31440397350993377 0.0943405579539073
0.31357615894039736 0.09408607887658828
0.31390728476821195 0.09409887113474397
0.31390728476821195 0.09407769429940978
0.31539735099337746 0.09479036114079352
0.31572847682119204 0.09478287384602896
0.31539735099337746 0.0945509465602756
0.31473509933774835 0.0940994316534508
0.31556291390728475 0.09474650917564822
0.31490066225165564 0.09452054367067589
0.31473509933774835 0.09420647255758727
0.31440397350993377 0.09404880020850366
0.31556291390728475 0.09472905389794846
0.3167218543046358 0.09477694421924895
0.3173841059602649 0.09473980967103786
0.3172185430463576 0.09489770451072013
0.3172185430463576 0.09489785618165951
0.3160596026490066 0.09427715697402965
0.31490066225165564 0.09350185592339123
0.31572847682119204 0.09427349479949694
0.31589403973509933 0.09452628385631029
0.31556291390728475 0.09445286397763453
0.31456953642384106 0.09403733304200829
0.31539735099337746 0.0944305098050422
0.31473509933774835 0.09404690188523636
0.3120860927152318 0.09313732254619049
0.31473509933774835 0.09397365653412967
0.3140728476821192 0.09409805749393782
0.31506622516556293 0.09464731842070435
0.3162251655629139 0.09493610478689327
0.31589403973509933 0.0946595363809845
0.31456953642384106 0.09432545939411975
0.3142384105960265 0.09421755004119024
0.31506622516556293 0.09444730520513667
0.31456953642384106 0.09421543283463057
0.31473509933774835 0.09417266499570626
0.3134105960264901 0.09411640395658441
0.3142384105960265 0.09420260070547215
0.31374172185430466 0.0938304400844838
0.3140728476821192 0.09366828459182064
0.3122516556291391 0.09321350004253279
0.3140728476821192 0.09375132870862148
0.31506622516556293 0.09415908828539862
0.31506622516556293 0.09393878661204463
0.31440397350993377 0.09363028917347803
0.3140728476821192 0.09370754934010354
0.31440397350993377 0.09382265155274955
0.31539735099337746 0.09409724159271168
0.3142384105960265 0.09360600551272262
0.31473509933774835 0.09364009788472161
0.31473509933774835 0.09381218797219139
0.3140728476821192 0.09344943507795735
0.31440397350993377 0.09397845226254568
0.31440397350993377 0.09395528436440367
0.3162251655629139 0.09443492491163795
0.31473509933774835 0.09418005703810402
0.3162251655629139 0.09433799658177702
0.31572847682119204 0.09385013932113274
0.31440397350993377 0.09360573844792067
0.3152317880794702 0.0936804487216943
0.31440397350993377 0.09374202938738688
0.31390728476821195 0.09373742388577766
0.31390728476821195 0.09358282898167299
0.3142384105960265 0.09371331150553895
0.31572847682119204 0.09411726133624328
0.3167218543046358 0.0943531647610231
0.3160596026490066 0.09419560047783475
0.31556291390728475 0.09421986034869047
0.3160596026490066 0.0941922621743961
0.3165562913907285 0.09426442559919845
0.31539735099337746 0.09408250794661542
0.3140728476821192 0.09402871683554628
0.3142384105960265 0.09415590116775606
0.3152317880794702 0.09397903285232652
0.31556291390728475 0.09447771864358352
0.31556291390728475 0.09456327886449814
0.31539735099337746 0.09477671106909968
0.3140728476821192 0.09390042712546844
0.3140728476821192 0.09399067071937407
0.31539735099337746 0.09446186106652106
0.31539735099337746 0.09428769889849375
0.3132450331125828 0.0938096860671865
0.31456953642384106 0.09402574246281392
0.31440397350993377 0.09406459789579705
0.31357615894039736 0.09394614354712265
0.31390728476821195 0.09399157930510302
0.3129139072847682 0.09404435041463037
0.3130794701986755 0.09408901064887606
0.31456953642384106 0.0944324231106126
0.3130794701986755 0.09351671306510174
0.31374172185430466 0.09392893767777379
0.31390728476821195 0.09426571763400689
0.31357615894039736 0.0937520069410372
0.3130794701986755 0.0938932726022221
0.31357615894039736 0.09399867194348281
0.31357615894039736 0.09390925781972807
0.3142384105960265 0.09445903668773092
0.3140728476821192 0.094282340886298
0.3134105960264901 0.09387382678398581
0.3124172185430464 0.0932883272441233
0.31440397350993377 0.09393977632925264
0.3127483443708609 0.0935027271432829
0.3117549668874172 0.09277129027874156
0.3124172185430464 0.09322548659603906
0.3124172185430464 0.09352467859314133
0.3132450331125828 0.0938303106338843
0.3142384105960265 0.09411345752873514
0.31456953642384106 0.09401886590793335
0.31374172185430466 0.0940817659732004
0.31506622516556293 0.09463044661388575
0.31357615894039736 0.0939956153378552
0.3129139072847682 0.09344328256195907
0.31440397350993377 0.09388710751704027
0.31589403973509933 0.09483956363650427
0.3142384105960265 0.09411086443591139
0.31374172185430466 0.09403567551353605
0.3125827814569536 0.09382520973666318
0.31440397350993377 0.09423189873838668
0.31456953642384106 0.09420963691663128
0.31473509933774835 0.09398308264656148
0.3142384105960265 0.09400504683079307
0.3140728476821192 0.09426470170820299
0.31440397350993377 0.09415438515898553
0.3140728476821192 0.09410399740633384
0.3125827814569536 0.0936963136846577
0.3127483443708609 0.0936028763084997
0.3119205298013245 0.09367110177438957
0.31374172185430466 0.09441180486789905
0.3129139072847682 0.09416852479287921
0.3134105960264901 0.09428636021807063
0.31390728476821195 0.09445044841274364
0.3134105960264901 0.09407955699750288
0.3134105960264901 0.09427983030239447
0.31390728476821195 0.09465980570500096
0.3132450331125828 0.09451626146819915
0.3132450331125828 0.09417109604948506
0.3134105960264901 0.09422820930499198
0.31374172185430466 0.09456067284050637
0.31374172185430466 0.09436565383276728
0.3127483443708609 0.09405789495568925
0.3124172185430464 0.09397008681747354
0.3129139072847682 0.09409449761296718
0.3130794701986755 0.09390847335861055
0.3125827814569536 0.09369404606451369
0.3134105960264901 0.0938433148648263
0.3125827814569536 0.09382178066912873
0.3130794701986755 0.09424023990478486
0.3124172185430464 0.09379106929950949
0.3120860927152318 0.0936901702188953
0.3124172185430464 0.09384759003377416
0.31374172185430466 0.09394660245618573
0.3134105960264901 0.0937879791635166
0.31390728476821195 0.09406699548978956
0.31440397350993377 0.09449579352453737
0.3134105960264901 0.09407402356816347
0.31490066225165564 0.0946004495342914
0.31506622516556293 0.09452130319331173
0.31456953642384106 0.0945182906959214
0.31572847682119204 0.09450470699024673
0.31440397350993377 0.09435942618711239
0.31506622516556293 0.09451977177150697
0.31456953642384106 0.094478174915711
0.31440397350993377 0.09424397465673472
0.31374172185430466 0.09420346842322411
0.3140728476821192 0.09443889182651777
0.31572847682119204 0.09491602001505275
0.3140728476821192 0.09460966810069822
0.31473509933774835 0.09486015934056309
0.31506622516556293 0.09509330919325652
0.31440397350993377 0.09463797151373451
0.31456953642384106 0.09458562872067632
0.3132450331125828 0.09398073102884404
0.3129139072847682 0.09404304096751312
0.3129139072847682 0.09411573766490029
0.3152317880794702 0.0947194793460872
0.31556291390728475 0.09478317013580431
0.31572847682119204 0.0946437492049485
0.31556291390728475 0.09473109626015239
0.3167218543046358 0.09528010686684615
0.31506622516556293 0.09461831541434304
0.3163907284768212 0.0950682034410805
0.31506622516556293 0.09481707423301629
0.31473509933774835 0.0945780382070996
0.31572847682119204 0.09471788834666221
0.31506622516556293 0.09475658494558813
0.31440397350993377 0.0946162336713748
0.31374172185430466 0.09447181306175086
0.3142384105960265 0.0940803909420394
0.31490066225165564 0.09432931905095104
0.31572847682119204 0.09456351724625368
0.31390728476821195 0.09431424451800612
0.3140728476821192 0.09418786181138453
0.31374172185430466 0.09432977427033645
0.31390728476821195 0.09441583621763362
0.3134105960264901 0.09406070698393781
0.31440397350993377 0.09454662835034167
0.3140728476821192 0.09448958510435553
0.31506622516556293 0.09504206432360751
0.31556291390728475 0.0949775567876575
0.31556291390728475 0.09500082961580109
0.3163907284768212 0.09535971002983908
0.31589403973509933 0.09528473967135863
0.3165562913907285 0.09523979674271384
0.3163907284768212 0.09508412051841077
0.31589403973509933 0.0947372793210267
0.31473509933774835 0.0945196758790199
0.3160596026490066 0.09476600923888283
0.31440397350993377 0.09454789781873928
0.31556291390728475 0.09469456708123956
0.31589403973509933 0.09463032867734149
0.3152317880794702 0.09488906488965375
0.31490066225165564 0.09490208249965502
0.31456953642384106 0.09476714052094401
0.3162251655629139 0.09493267145182038
0.31490066225165564 0.09489335890941629
0.31539735099337746 0.09498784183767439
0.31556291390728475 0.09522059193366227
0.3142384105960265 0.09452372989439453
0.31539735099337746 0.09487512973624748
0.31506622516556293 0.09475092829134295
0.31506622516556293 0.09491145281881137
0.31556291390728475 0.09527601455792167
0.3163907284768212 0.09530588714896607
0.31556291390728475 0.09483454406037496
0.31589403973509933 0.09515660247285503
0.3167218543046358 0.09531808059061674
0.31804635761589406 0.09563996571346602
0.3177152317880795 0.09564224174833034
0.3175496688741722 0.09538054676410485
0.3173841059602649 0.0954405913832161
0.3160596026490066 0.09476726882150535
0.31539735099337746 0.09488195912114113
0.31572847682119204 0.09486543114016087
0.31506622516556293 0.09466468025461247
0.31440397350993377 0.09453142602875136
0.3140728476821192 0.09481292894227063
0.31589403973509933 0.09506997564293522
0.3163907284768212 0.09532112238356633
0.31821192052980135 0.09570337434254138
0.3160596026490066 0.09513635104718791
0.3160596026490066 0.0952643990897172
0.31490066225165564 0.09475153045277869
0.3152317880794702 0.09484365892829381
0.3175496688741722 0.09541221839635401
0.3170529801324503 0.09539528778223828
0.3170529801324503 0.09527299515221217
